//번호	이름	이미지	염색	체력	경험치	방어력	크기tp	공격tp	마방	최소뎀	최대뎀	공격	사망	움직임단위초(ms)
// 0, 선제공격
// 1, 후제공격
// 2, 공격 못하는몹(ex: 토끼..)
// 3, 움직이지 못해..
// 4, 빨피되면 토심.
1	다람쥐	26	5	15	10	100	s	1	0	1	2	-	@다람쥐	2000
2	토끼	22	29	10	5	100	s	2	0	0	0	-	@토끼	1500
3	뱀	27	0	500	80	75	s	1	0	7	14	-	-	1200
4	삽사리	96	5	67	120	67	s	1	0	11	21	-	@삽사리	1300
5	여우	23	5	70	320	40	s	1	0	5	15	-	-	1300
6	강아지	19	5	85	1187	85	s	1	0	5	15	-	-	1300
7	누렁이	199	5	65	812	65	s	1	0	5	15	-	-	1300
8	병든쥐	91	0	320	250	90	s	1	0	8	10	-	@병든쥐	1200
9	독사	27	1	550	1000	75	s	1	0	13	17	-	@독사	1200
10	백사	27	11	1050	1900	55	s	1	0	11	18	-	@백사	1200
11	진백사	27	5	1050	2200	55	s	1	0	43	47	-	@진백사	1200
12	청순록	89	2	1300	2500	40	s	0	0	18	22	-	@청순록	1200
13	적순록	89	31	1200	2800	40	s	0	0	18	22	-	@적순록	1200
14	흑여우	23	10	3000	3800	20	s	1	0	18	22	-	@흑여우	1200
15	백여우	23	11	3500	4200	20	s	0	0	58	62	-	@백여우	1200
16	서여우	23	1	3200	4500	20	s	0	0	38	42	-	@서여우	1200
17	불여우	23	25	4500	13000	10	s	0	0	58	62	-	@불여우	1200
18	돼지	20	4	500	100	0	s	1	0	8	12	-	@돼지	1300
//18~20 비어있음
21	이리	624	0	17499	75000	-10	s	0	0	295	305	-	-	1200
22	원랑	573	0	20000	200000	-10	s	0	0	155	165	-	@원랑	1200
23	붉은쥐	91	31	2000	1600	20	s	0	0	100	200	-	@붉은쥐	1200
24	불왕쥐	91	25	3000	3200	0	s	0	0	101	400	-	@불왕쥐	1200
25	흑왕쥐	91	28	2500	2600	5	s	0	0	595	605	-	@흑왕쥐	1200
26	쥐왕	129	0	4000	1000	-10	s	1	0	595	605	-	@쥐왕	1200
27	불토끼	22	25	4500	4000	10	s	0	0	695	705	-	@불토끼	1200
28	토끼왕	132	0	12000	22000	-25	s	1	0	295	305	-	@토끼왕	1200
29	장닭	125	4	9000	80000	-25	s	0	0	916	926	-	@장닭	1200
30	검은닭	125	28	10000	150000	-40	s	0	0	1916	1926	-	@검은닭	1200
31	토종뱀	27	2	8000	90000	-10	s	0	0	1000	1010	-	@토종뱀	1200
32	살모사	27	31	8000	90000	-10	s	0	0	1000	1010	-	@살모사	1200
33	뱀왕	134	0	40000	300000	-30	s	1	0	515	525	-	@뱀왕	1200
34	명돈	20	28	15000	140000	-40	s	1	0	1295	1305	-	-	1200
35	백돈	21	29	15000	120000	-40	s	1	0	995	1005	-	@백돈	1200
36	서해백	20	5	30000	100000	-99	s	1	0	1495	1505	-	@서해백	1200
37	토깽이	442	0	86000	100	-10	s	1	0	500	600	-	-	1200
38	돈돈돈	20	9	300	100	-5	s	1	0	95	105	-	@돈돈돈	1200
39	힘의뱀	27	6	100	100	75	s	1	0	10	20	-	@힘의뱀	1200
40	주사	27	17	1000	1000	35	s	0	0	55	65	-	@주사	1200
41	대사	27	18	1000	1000	35	s	0	0	55	65	-	@대사	1200
42	력사	27	17	1000	1000	35	s	0	0	55	65	-	@력사	1200
43	민사	27	14	1000	1000	35	s	0	0	55	65	-	@민사	1200
44	지사	27	20	1000	1000	35	s	0	0	55	65	-	@지사	1200
45	흑토끼	22	10	200000	120000	-30	s	0	0	16995	17005	-	@흑토끼	1200
46	상점가포악초성인성초	583	4	800	3000	0	s	1	0	495	505	-	@상점가포악초성인성초	800
47	상점가흉폭초성인성초	582	5	800	3000	0	s	1	0	495	505	-	@상점가흉폭중성인성초	800
48	시궁창쥐	318	2	300	180	90	l	1	0	20	30	-	@시궁창쥐	1200
//49~58 비어있음
59	딱총파리	570	0	5000	25000	20	s	0	0	65	75	-	@딱총파리	700
60	마비가시말미잘	576	0	10000	58000	-5	s	0	0	95	105	-	@마비가시말미잘	1000
61	철갑거북	577	0	30000	140000	-15	s	1	0	4995	5005	-	@철갑거북	3000
62	절벽초성인성초	583	1	4500	20000	-20	s	0	0	25	35	-	@절벽초성인성초	800
63	절벽중성인성초	582	1	20000	180000	-20	s	0	0	165	175	-	@절벽중성인성초	800
64	시녀지주	568	0	60000	480000	-30	s	0	0	545	555	-	@시녀지주	1000
65	열대독사	580	0	90000	720000	-30	s	0	0	1495	1505	-	@열독사	1000
67	초성인성초	583	0	5000	30000	20	s	0	0	25	35	-	@초성인성초	800
68	중성인성초	582	0	20000	140000	20	s	0	0	145	155	-	@중성인성초	800
69	토끼부하	22	30	5000	3500	20	s	0	0	995	1005	-	@토끼부하	800
70	흑병아리	122	28	7000	30000	-25	s	0	0	516	526	-	-	1200
71	흑구렁이	34	28	20000	130000	-15	s	0	0	1115	1125	-	@흑구렁이	1200
72	불구렁이	34	25	20000	130000	-15	s	0	0	1115	1125	-	@불구렁이	1200
73	가짜뱀왕	134	11	20000	150000	-25	s	0	0	1515	1525	-	-	1200
74	꼬마돼지	21	11	15000	100000	-40	s	0	0	795	805	-	@꼬마돼지	1200
75	농사꾼원숭이	127	4	20000	200000	-30	s	0	0	1295	1305	-	@농사꾼원숭이	1100
76	부자원숭이	127	3	20000	250000	-30	s	0	0	1295	1305	-	@부자원숭이	1100
77	사냥꾼원숭이	127	31	20000	250000	-30	s	0	0	1295	1305	-	@사냥꾼원숭이	1100
78	날쌘원숭이	127	2	20000	250000	-30	s	0	0	1295	1305	-	@날쌘원숭이	800
79	장로원숭이	127	11	30000	35000	-30	s	0	0	2295	2305	-	@장로원숭이	1200
80	용왕토끼	22	0	50000	100	30	s	0	0	95	105	-	@용왕토끼	800
81	붉은토끼	22	31	100	100	-5	s	1	0	0	10	-	@붉은토끼	800
82	초록토끼	22	1	100	100	-5	s	1	0	0	10	-	@초록토끼	800
83	갈색토끼	22	4	100	100	-5	s	1	0	0	10	-	@초록토끼	800
84	미친토끼	22	15	100	100	-5	s	1	0	0	10	-	@미친토끼	800
85	방어의다람쥐	26	1	300	100	-4	s	1	0	0	10	-	@방어의다람쥐	800
86	명중의다람쥐	26	18	300	100	-4	s	1	0	0	10	-	@명중의다람쥐	800
87	공격의다람쥐	26	3	300	100	-4	s	1	0	0	10	-	@공격의다람쥐	800
88	체력의다람쥐	26	7	300	100	-4	s	1	0	0	10	-	@체력의다람쥐	1000
89	마력의다람쥐	26	20	300	100	-4	s	1	0	0	10	-	@마력의다람쥐	1000
90	힘의다람쥐	26	5	300	100	-4	s	1	0	0	10	-	@힘의다람쥐	1000
91	민첩의다람쥐	26	8	300	100	-4	s	1	0	0	10	-	@민첩의다람쥐	1000
92	지력의다람쥐	26	21	300	100	-4	s	1	0	0	10	-	@지력의다람쥐	1000
93	날쌘다람쥐	26	11	300	100	-4	s	1	0	0	10	-	@날쌘다람쥐	1000
94	고개다람쥐	26	12	300	100	-4	s	1	0	0	10	-	@고개다람쥐	1000
95	문지기다람쥐	26	13	300	100	-4	s	1	0	0	10	-	@문지기다람쥐	1000
96	부자다람쥐	26	3	300	100	-4	s	1	0	0	10	-	@부자다람쥐	1000
97	행운의다람쥐	26	19	300	100	-4	s	1	0	0	10	-	@행운의다람쥐	1000
98	무적다람쥐	26	19	1350000	100	-20	s	1	0	0	10	-	@무적다람쥐	1000
99	최강다람쥐	26	8	1350000	100	-20	s	1	0	0	10	-	@최강다람쥐	1000
100	용왕다람쥐	26	28	300	100	-4	s	1	0	0	10	-	@용왕다람쥐	1000
101	방어의돼지	20	1	300	100	-5	s	1	0	95	105	-	@방어의돼지	1000
102	명중의돼지	20	2	300	100	-5	s	1	0	95	105	-	@명중의돼지	1000
103	공격의돼지	20	3	300	100	-5	s	1	0	95	105	-	@공격의돼지	1000
104	체력의돼지	20	4	300	100	-5	s	1	0	95	105	-	@체력의돼지	1000
105	마력의돼지	20	5	300	100	-5	s	1	0	95	105	-	@마력의돼지	1000
106	힘의돼지	20	6	300	100	-5	s	1	0	95	105	-	@힘의돼지	1000
107	민첩의돼지	20	7	300	100	-5	s	1	0	95	105	-	@민첩의돼지	1000
108	지력의돼지	20	8	300	100	-5	s	1	0	95	105	-	@지력의돼지	1000
109	착한돼지	21	30	300	100	-5	s	1	0	95	105	-	@착한돼지	1000
110	방어의뱀	27	0	100	100	75	s	1	0	10	20	-	@방어의뱀	1000
111	명중의뱀	27	2	100	100	75	s	1	0	10	20	-	@명중의뱀	1000
112	공격의뱀	27	3	100	100	75	s	1	0	10	20	-	@공격의뱀	1000
113	체력의뱀	27	4	100	100	75	s	1	0	10	20	-	@체력의뱀	1000
114	마력의뱀	27	5	100	100	75	s	1	0	10	20	-	@마력의뱀	1000
115	민첩의뱀	27	7	100	100	75	s	1	0	10	20	-	@민첩의뱀	1000
116	지력의뱀	27	8	100	100	75	s	1	0	10	20	-	@지력의뱀	1000
117	흑다람쥐	26	10	200000	100000	-30	s	1	0	14995	15005	-	@흑다람쥐	500
118	흑암사슴	89	10	200000	200000	-30	s	1	0	16995	17005	-	@흑암사슴	500
119	녹묘	450	10	4500	6000	0	s	0	0	65	70	-	-	1000
120	흑묘	450	10	4500	6000	0	s	0	0	65	70	-	-	1000
121	청묘	450	17	4600	6300	0	s	0	0	65	70	-	-	1000
122	적묘	450	31	4650	6300	0	s	0	0	65	70	-	-	1000
123	문백야묘	451	11	4700	7500	0	s	0	0	75	85	-	-	1000
124	표황야묘	451	12	4700	7500	0	s	0	0	75	85	-	-	1000
125	흑대묘	452	10	4800	15000	-10	s	0	0	85	90	-	-	1000
126	녹대묘	452	1	4850	18000	-10	s	0	0	85	90	-	-	1000
127	적대묘	452	31	5000	75000	-10	s	0	0	85	90	-	-	1000
128	흑악어	454	10	9000	37000	-20	s	0	0	45	55	-	@흑악어	1000
129	진갈악어	455	12	12000	82000	-20	s	0	0	345	355	-	@진갈악어	1000
130	녹악어	454	0	12000	82000	-20	s	0	0	345	355	-	@녹악어	1000
131	진녹악어	455	14	20000	150000	-20	s	0	0	445	455	-	@진녹악어	1000
132	진회악어	455	23	20000	150000	-20	s	0	0	445	455	-	@진회악어	1000
133	진적악어	455	31	20000	150000	-20	s	0	0	445	455	-	@진적악어	1000
134	흑살쾡이	462	10	40000	220000	-15	s	0	0	65	75	-	-	1000
135	적살쾡이	462	31	40000	220000	-15	s	0	0	65	75	-	-	1000
136	녹살쾡이	462	0	40000	220000	-15	s	0	0	65	75	-	-	1000
137	표청살쾡이	463	2	45000	330000	-15	s	0	0	75	85	-	-	1000
138	표황살쾡이	463	5	45000	330000	-15	s	0	0	75	85	-	-	1000
139	표갈살쾡이	463	4	45000	330000	-15	s	0	0	75	85	-	-	1000
140	외눈녹천구	466	0	400000	1800000	-30	s	0	0	65	75	-	@외눈녹천구	1000
141	외눈황천구	466	5	450000	1800000	-30	s	0	0	65	75	-	@외눈황천구	1000
142	외눈자천구	466	12	450000	1800000	-30	s	0	0	75	85	-	@외눈녹천구	1000
143	외눈청천구	466	17	450000	1800000	-30	s	0	0	85	85	-	@외눈녹천구	1000
144	흑혈후	470	10	160000	400000	-30	s	0	0	65	75	-	@흑혈후	1000
145	녹혈후	470	1	160000	400000	-30	s	0	0	65	75	-	@녹혈후	1000
146	흑선문후	471	10	150000	500000	-30	s	0	0	90	105	-	-	1000
147	녹선문후	471	0	150000	500000	-30	s	0	0	90	105	-	-	1000
148	아기강시	475	0	400000	600000	-45	s	1	0	1495	1505	-	@아기강시	1000
149	청색염유	532	8	3200	4500	20	s	1	0	35	45	-	@청색염유	1000
150	자색염유	532	7	3250	5000	20	s	1	0	35	45	-	@자색염유	1000
151	염구	517	4	3580	5000	20	s	1	0	65	75	-	@염구	1000
152	색명	517	6	3580	7000	20	s	1	0	65	75	-	-	1000
153	용고	517	8	3580	15000	10	s	1	0	65	75	-	@용고	1000
154	각단	517	10	8000	22000	10	s	1	0	65	75	-	@각단	1000
155	도삭산백사	27	11	1200	2000	40	s	1	0	9	19	-	-	1000
156	도삭산진백사	27	30	1280	2500	20	s	1	0	9	19	-	-	1000
157	도삭산독사	27	1	1480	2800	10	s	1	0	7	17	-	-	1000
158	도삭산구렁이	34	11	2000	3500	35	s	1	0	55	65	-	-	1000
159	도삭산토끼부하	22	30	4000	20000	0	s	1	0	35	45	-	@도삭산토끼부하	1000
160	도삭산불토끼	22	25	4300	25000	-10	s	1	0	35	45	-	@도삭산불토끼	1000
161	도삭산왕토끼	198	11	4500	40000	-10	s	1	0	45	55	-	-	1000
162	도삭산새끼게	400	0	4500	17000	10	s	1	0	45	55	-	-	1000
163	도삭산해파리부하	423	0	15000	100000	-20	s	1	0	100	110	-	@도삭산해파리부하	1000
164	도삭산해파리수하	424	0	16000	140000	-20	s	1	0	105	115	-	@도삭산해파리수하	1000
165	도삭산세발문어	406	0	23000	120000	-10	s	1	0	345	355	-	-	1000
166	도삭산흑묘	450	10	22000	90000	0	s	1	0	155	165	-	-	1000
167	도삭산적묘	450	31	20000	140000	0	s	1	0	145	155	-	-	1000
168	도삭산표황야묘	451	21	20000	180000	-10	s	1	0	185	195	-	-	1000
169	도삭산녹대묘	452	1	24000	200000	-10	s	1	0	175	185	-	-	1000
170	도삭산적살쾡이	462	31	32500	180000	-15	s	1	0	345	355	-	@도삭산적살쾡이	1000
171	도삭산녹살쾡이	462	0	22000	220000	-15	s	1	0	475	485	-	@도삭산녹살쾡이	1000
172	도삭산표청살쾡이	463	2	34000	250000	-15	s	1	0	325	335	-	-	1000
173	도삭산흑악어	454	10	36000	200000	-20	s	1	0	435	445	-	@도삭산흑악어	1000
174	도삭산녹악어	454	0	37000	270000	-20	s	1	0	445	455	-	@도삭산녹악어	1000
175	도삭산진적악어	455	31	38000	300000	-20	s	1	0	445	455	-	-	1000
176	암사슴	89	5	95	80	80	s	1	0	5	15	-	@암사슴	1300
177	시궁쥐	91	10	300	150	95	s	1	0	8	10	-	@시궁쥐	1000
178	늑대	24	10	70	640	20	s	1	0	30	50	-	-	1300
178~299 비어있음
300	숫사슴	90	5	95	80	80	l	1	0	10	20	-	@숫사슴	1300
301	말	18	3	500	640	1	l	2	0	10	20	-	-	1200
302	소	28	5	650	900	35	l	1	0	10	20	-	-	1400
303	큰쥐	92	10	200	55	0	l	1	0	10	15	-	@큰쥐	1000
304	빨간박쥐	106	31	800	600	85	l	0	0	20	30	-	@빨간박쥐	1000
305	보라박쥐	106	7	1000	800	85	l	1	0	20	30	-	@보라박쥐	1000
306	파란박쥐	106	2	1300	900	85	l	0	0	20	30	-	@파란박쥐	1000
307	흡혈쥐	92	31	1000	1500	85	l	0	0	78	82	-	@흡혈쥐	1000
308	서생원	92	1	1000	2000	85	l	0	0	78	82	-	@서생원	1000
309	자생원	318	0	1000	2200	85	l	0	0	78	82	-	@자생원	1000
310	박쥐	106	10	500	150	90	l	1	0	20	30	-	@박쥐	1000
311	왕구렁이	34	5	6666	5555	35	l	0	0	58	62	-	@왕구렁이	1000
312	구렁이	34	11	2000	4444	0	l	0	0	58	62	-	@구렁이	1000
313	흑광록	90	10	1400	3500	70	l	1	0	38	42	-	@흑광록	1000
314	백광록	90	11	1500	4300	70	l	1	0	38	42	-	@백광록	1000
315	광록지수	90	7	1600	10000	70	l	1	0	93	97	-	@광록지수	1000
316	산돼지	154	11	1500	2500	30	l	0	0	68	72	-	@산돼지	1000
317	숲돼지	154	7	2000	4500	20	l	0	0	70	74	-	@숲돼지	1000
318	홍돼지	154	31	5000	25000	0	l	0	0	83	87	-	@홍돼지	1000
319	구미호	35	11	9999	50000	-10	l	0	0	88	92	-	@구미호	1000
320	불구미호	35	25	19999	70000	-10	l	0	0	88	82	-	@불구미호	1000
321	평웅	25	5	1200	1800	30	l	0	0	48	52	-	@평웅	1100
322	진웅	25	7	1500	2500	30	l	0	0	48	52	-	@진웅	1100
323	평호	30	5	1100	3000	30	l	0	0	48	52	-	@평호	1100
324	진호	30	7	5000	10000	0	l	0	0	53	57	-	@진호	1100
325	자호	30	2	5000	25000	0	l	0	0	68	72	-	@자호	1100
326	친자호	30	8	5800	35000	-10	l	0	0	148	152	-	@친자호	1100
327	구자호	30	6	6300	38000	-10	l	0	0	118	122	-	@구자호	1100
328	적호	30	31	10000	100000	-10	l	0	0	348	352	-	@적호	900
329	목각인형	193	4	17000	110000	-13	l	0	0	230	270	-	@목각인형	1100
330	양철인형	193	2	19000	170000	-15	l	0	0	230	270	-	@양철인형	1100
331	에메랄드인형	193	0	19000	270000	-20	l	0	0	480	520	-	@에메랄드인형	1100
332	인형술사	194	10	40000	370000	-30	l	0	0	980	1020	-	@인형술사	1100
333	거미	98	0	8000	55000	-10	l	0	0	155	165	-	@거미	1100
334	사마귀	99	0	8000	85000	-10	l	0	0	175	185	-	@사마귀	1100
335	백현귀	98	5	10000	300000	-10	l	0	0	77	87	-	@백현귀	1100
336	현랑귀	99	31	10000	500000	-10	l	0	0	70	80	-	@현랑귀	1100
337	가재	169	2	8000	55000	-10	l	0	0	140	180	-	@가재	1100
338	가재장	169	15	8500	60000	-10	l	0	0	380	420	-	@가재장	1100
339	전갈	172	2	8000	85000	-10	l	0	0	160	200	-	@전갈	1100
340	전갈장	172	15	8500	95000	-10	l	0	0	400	440	-	@전갈장	1100
341	서현가재	169	10	8000	300000	-10	l	0	0	210	250	-	@서현가재	1100
342	백현재	169	6	35000	300000	-10	l	0	0	280	320	-	@백현재	1100
343	백현장	169	5	10000	350000	-10	l	0	0	800	840	-	@백현장	1100
344	현랑장	172	5	10000	380000	-10	l	0	0	730	770	-	@현랑장	1100
345	현랑전갈	172	31	12000	500000	-10	l	0	0	730	770	-	@현랑전갈	1100
346	해골	31	3	18000	130000	-15	l	1	0	100	150	-	@해골	1100
347	칼든해골	32	3	19000	130000	-15	l	0	0	150	170	-	@칼든해골	1100
348	해골전사	32	15	20000	200000	-20	l	0	0	150	170	-	@해골전사	1100
349	해골도적	32	22	20000	200000	-20	l	0	0	150	170	-	@해골도적	1100
350	해골마법사	31	14	20000	200000	-20	l	0	0	150	170	-	@해골마법사	1100
351	불산	31	17	30000	300000	-30	l	0	0	595	605	-	@불산	1100
352	유령	168	2	18000	130000	-15	l	0	0	180	220	-	@유령	1100
353	중급유령	168	29	15000	130000	-15	l	0	0	230	270	-	@중급유령	1100
354	고급유령	168	2	20000	166000	-15	l	0	0	250	290	-	@고급유령	1100
355	유령전사	168	29	20000	200000	-20	l	0	0	2100	2500	-	@유령전사	1100
356	유령도적	168	29	20000	200000	-20	l	0	0	2100	2500	-	@유령도적	1100
357	유령마법사	168	2	20000	200000	-20	l	0	0	2100	2500	-	@유령마법사	1100
358	불연	168	17	30000	300000	-20	l	0	0	2100	2500	-	@불연	1100
359	흑해골	31	10	20000	170000	-15	l	0	0	200	250	-	@흑해골	1100
360	자해골	31	7	30000	200000	-25	l	0	0	200	250	-	-	1100
361	지해골	31	12	31000	200000	-25	l	0	0	200	250	-	-	1100
362	주해골	31	-1	32000	250000	-25	l	0	0	200	250	-	-	1100
363	사해골	32	-1	35000	250000	-25	l	0	0	200	250	-	@사해골	1100
364	원각	32	10	40000	350000	-10	l	0	0	500	600	-	@원각	1100
365	흑령	168	10	20000	170000	-15	l	0	0	100	150	-	@흑령	1100
366	자령	168	7	30000	200000	-25	l	0	0	200	250	-	-	1100
367	지령	168	12	30000	200000	-25	l	0	0	210	250	-	-	1100
368	주령	168	7	30000	200000	-25	l	0	0	210	250	-	-	1100
369	사령	168	13	30000	250000	-20	l	0	0	210	250	-	@사령	1100
370	원령	168	21	40000	350000	-10	l	0	0	210	250	-	@원령	1100
371	도깨비	100	0	38000	300000	-24	l	0	0	380	420	-	@도깨비	1100
372	도깨비불	97	0	38000	300000	-24	l	0	0	310	450	-	@도깨비불	1100
373	사명비	100	8	40000	550000	-30	l	0	0	1300	1340	-	@사명비	1100
374	적명비	100	31	40000	550000	-30	l	0	0	1300	1340	-	@적명비	1100
375	자명비	100	7	45000	300000	-30	l	0	0	1300	1340	-	@자명비	1100
376	청명비	100	2	40000	550000	-30	l	0	0	1300	1340	-	@청명비	1100
377	녹명비	100	30	52000	600000	-30	l	0	0	1350	1390	-	@녹명비	1100
378	도깨비왕	186	8	400000	999999	-50	l	0	0	5300	9340	-	@도깨비왕	800
379	일본밀정'검	150	2	30000	380000	-35	l	0	0	5000	9400	-	@일본밀정'검	900
380	일본밀정'유	150	13	35000	450000	-35	l	0	0	5300	9700	-	@일본밀정'유	900
381	일본밀정'수	150	0	40000	500000	-35	l	0	0	5300	9700	-	@일본밀정'수	900
382	일본밀정두목	189	0	60000	900000	-45	l	1	0	5800	9200	-	@일본밀정두목	900
383	몽달귀신	114	0	650000	3500000	-60	l	0	0	5895	9905	-	@몽달귀신	900
384	독충	115	4	650000	450000	-60	l	0	0	5795	9805	-	@독충	900
385	빗자루귀신	112	0	650000	4500000	-60	l	0	0	5895	9905	-	@빗자루귀신	900
386	처녀귀신	111	0	650000	4500000	-60	l	0	0	5800	9200	-	@처녀귀신	900
387	달걀귀신	116	0	650000	4500000	-60	l	0	0	5800	9200	-	@달걀귀신	900
388	불귀신	113	25	650000	4500000	-60	l	0	0	5800	9200	-	@불귀신	900
390	갈달걀귀신	116	3	650000	4500000	-60	l	0	0	5800	9200	-	@갈달걀귀신	900
391	연갈달걀귀신	116	4	650000	4500000	-60	l	0	0	5800	9200	-	@연갈달걀귀신	900
392	연자달걀귀신	116	30	650000	4500000	-60	l	0	0	5800	9200	-	@연자달걀귀신	900
393	자달걀귀신	116	15	650000	4500000	-60	l	0	0	5800	9200	-	@자달걀귀신	900
394	연청달걀귀신	116	10	650000	4500000	-60	l	0	0	5800	9200	-	@연청달걀귀신	900
395	황달걀귀신	116	26	650000	4500000	-60	l	0	0	5800	9200	-	@황달걀귀신	900
396	적달걀귀신	116	27	650000	4500000	-60	l	0	0	5800	9200	-	@적달걀귀신	900
397	연녹달걀귀신	116	10	650000	4500000	-60	l	0	0	5800	9200	-	@연녹달걀귀신	900
398	청달걀귀신	116	19	650000	4500000	-60	l	0	0	5800	9200	-	@청달걀귀신	900
399	황충	115	1	650000	3500000	-60	l	0	0	5795	9805	-	@황충	900
400	적충	115	2	650000	3500000	-60	l	0	0       5795	9805	-	@적충	900
401	연녹충	115	3	650000	3500000	-60	l	0	0	5795	9805	-	@연녹충	900
402	청충	115	5	650000	3500000	-60	l	0	0	5795	9805	-	@청충	900
403	회충	115	6	650000	3500000	-60	l	0	0	5795	9805	-	@회충	900
404	갈충	115	7	650000	3500000	-60	l	0	0	5795	9805	-	@갈충	900
405	연갈충	115	8	650000	3500000	-60	l	0	0	5795	9805	-	@연갈충	900
406	연자충	115	9	650000	3500000	-60	l	0	0	5795	9805	-	@연자충	900
407	자충	115	10	650000	3500000	-60	l	0	0	5795	9805	-	@자충	900
//389~408 비어있음
409	검랑	573	28	30000	280000	-15	l	0	0	225	235	-	@검랑	1000
410	진인랑	571	0	100000	500000	-20	l	0	0	495	505	-	@진인랑	1000
411	병사지주	567	0	70000	550000	-40	l	0	0	745	755	-	@병사지주	1000
412	식인종전사	586	0	70000	730000	-35	l	0	0	695	705	-	@식인종전사	1000
413	식인종추장후계자	585	0	85000	840000	-50	l	0	0	1295	1305	-	@식인종추장후계자	1000
414	식인종추장	584	0	150000	2200000	-50	l	0	0	13445	13445	-	@식인종추장	1000
415	낭아독사	579	0	79000	980000	-40	l	0	0	1695	1705	-	@낭아독사	1000
416	종성인성초	581	0	3500000	9100000	-60	l	0	0	6595	6605	-	@종성인성초	1000
417	해적선원의망령	592	0	3000000	9200000	-60	l	0	0	3795	3805	-	-	1000
418	해적갑판장의망령	591	0	4000000	9000000	-65	l	0	0	5895	5905	-	@해적갑판장의망령	800
419	해적선장의망령	590	0	6100000	9000000	-60	l	0	0	44995	45005	-	@해적선장의망령	1000
420	상점가포악중성인성초	582	6	800	4000	0	l	0	0	495	505	-	@상점가포악중성인성초	1000
421	상점가흉폭중성인성초	583	3	800	2000	0	l	0	0	495	505	-	@상점가흉폭초성인성초	1000
422	폭염룡	595	0	120000	1200000	-50	l	0	0	1495	1505	-	@폭염룡	1000
423	폭염익룡	593	0	130000	1400000	-50	l	0	0	1795	1805	-	@폭염익룡	1000
424	돼지왕	140	0	20000	300000	-64	l	0	0	495	505	-	@돼지왕	1000
425	닭왕	138	0	19000	180000	-34	s	1	0	995	1005	-	@닭왕	1000
426	킹콩	128	23	6750	400000	-65	l	0	0	445	445	-	@킹콩	1100
427	유인원	128	4	6750	400000	-65	l	0	0	445	445	-	@유인원	1100
428	오랑우탄	128	6	50000	400000	-65	l	0	0	2295	2305	-	@오랑우탄	1100
429	원숭이왕	137	0	50000	500000	-70	l	1	0	795	805	-	@원숭이왕	1100
430	코뿔소	124	28	40000	500000	-50	l	0	0	1445	1455	-	@코뿔소	1000
431	황소	28	30	25000	350000	-20	l	0	0	1245	1255	-	@황소	1000
432	까만소	28	28	30000	420000	-34	l	0	0	1445	1455	-	@까만소	1000
433	소왕	130	0	50000	400000	-45	l	1	0	845	855	-	@소왕	1000
434	개왕	139	0	50000	300000	-24	l	1	0	1345	1355	-	-	1000
435	나도양	136	10	60000	350000	-44	l	0	0	745	755	-	-	1000
436	내가양	136	2	60000	300000	-44	l	0	0	745	756	-	-	1000
437	난양	136	0	70000	400000	-44	l	0	0	945	955	-	-	1000
438	양왕	136	0	40000	800000	-44	l	0	0	295	305	-	@양왕	1000
439	아마	135	2	35000	300000	-44	l	0	0	1295	1305	-	-	1000
440	바마	135	5	35000	350000	-44	l	0	0	1295	1305	-	-	1000
441	태마	135	6	35000	400000	-44	l	0	0	1295	1305	-	-	1000
442	말왕	135	0	50000	800000	-44	l	0	0	50	60	-	@말왕	1000
443	두꺼비	287	0	30000	400000	-15	l	0	0	50	60	-	@두꺼비	1000
444	일본게	288	0	40000	400000	-15	l	0	0	50	60	-	@일본게	1000
445	이가닌자'병	271	0	120000	1200000	-20	l	0	0	13515	13525	-	@이가닌자'병	1000
446	이가닌자'화	277	0	120000	1250000	-20	l	0	0	13515	13525	-	@이가닌자'화	1000
447	이가닌자'마	278	0	120000	1300000	-20	l	0	0	13515	13525	-	@이가닌자'마	1000
448	이가닌자'영	279	0	120000	1350000	-20	l	0	0	13515	13525	-	@이가닌자'영	1000
449	이가닌자'수	275	0	120000	1400000	-20	l	0	0	13515	13525	-	@이가닌자'수	1000
450	신로	260	0	20000	112500	-10	l	0	0	215	225	-	-	1000
451	마옥	261	0	25000	180000	-30	l	0	0	315	325	@나막신던지기	@마옥	1000
452	야문	266	2	30000	300000	-30	l	0	0	315	325	-	-	1000
453	코가닌자'체	264	0	300	150000	-10	l	0	0	295	305	-	-	1000
454	코가닌자'기	263	0	950	525000	-15	l	0	0	295	305	-	-	1000
455	코가닌자'약	262	0	1000	600000	-30	l	0	0	295	305	-	-	1000
456	병사의망령	267	0	2000000	15000000	-15	l	0	0	23515	23525	-	-	1000
457	무사의망령	267	31	2000000	15000000	-15	l	0	0	23515	23525	-	-	1000
458	대장군의망령	267	18	2000000	15000000	-15	l	0	0	23515	23525	@장군의저주	@대장군의망령	1000
459	선월	272	0	2000	150000	-20	l	0	0	145	155	-	-	1000
460	기보	286	0	30000	180000	-25	l	0	0	1495	1505	-	-	1000
461	이광	273	0	32500	300000	-30	l	0	0	2295	2305	-	@이광	1000
462	합연	298	0	10000	525000	-20	l	0	0	2495	2505	-	-	1000
463	백발귀	284	0	45000	345000	-30	l	0	0	995	1005	-	@백발귀	1000
464	적두귀	284	8	45000	525000	-30	l	0	0	995	1005	-	@적두귀	1000
465	녹두귀	284	19	45000	405000	-30	l	0	0	995	1005	-	@녹두귀	1000
466	사두귀	284	20	46000	405000	-40	l	0	0	995	1005	-	@사두귀	1000
467	청발귀	284	3	47000	555000	-50	l	0	0	995	1005	-	@청발귀	1000
468	흑발귀	284	30	48000	600000	-65	l	0	0	995	1005	-	@흑발귀	1000
469	백향	295	0	48000	600000	-65	l	4	0	3515	3525	-	@백향	1000
470	시오	221	0	50000	540000	-60	l	4	0	1295	1305	-	@시오	1000
471	주오	221	28	50000	465000	-60	l	4	0	1295	1305	-	@주오	1000
472	맹오	225	0	52000	420000	-65	l	4	0	1295	1305	-	@맹오	1000
473	달오	225	28	53000	465000	-62	l	4	0	1295	1305	-	@달오	1000
474	문위	222	0	59000	615000	-60	l	4	0	2895	2905	@문위마법	@문위	1000
475	문려	222	29	54000	615000	-60	l	0	0	3515	3525	-	-	1000
476	주마관	290	0	70000	675000	-44	l	0	0	2515	2525	-	-	1000
477	구마관	290	0	71000	675000	-44	l	0	0	2515	2525	-	-	1000
478	바주겐	291	0	70000	750000	-44	l	0	0	545	555	-	-	1000
479	나주겐	290	18	72000	750000	-44	l	0	0	3515	3525	-	-	1000
480	헨주겐	290	0	75000	750000	-54	l	0	0	3515	3525	-	-	1000
481	욘주겐	291	19	75000	750000	-55	l	0	0	3995	4005	-	-	1000
482	하주겐	290	5	73000	750000	-44	l	0	0	3515	3525	-	-	1000
483	에주겐	291	19	75000	750000	-45	l	0	0	3995	4005	-	-	1000
484	코가닌자'식	265	0	80000	750000	-99	l	0	0	295	305	-	-	1000
485	코가닌자'향	265	2	80000	750000	-99	l	0	0	295	305	-	-	1000
486	파선녀	281	0	90000	780000	-44	l	0	0	295	305	-	@파선녀	1000
487	단선녀	281	4	90000	780000	-44	l	0	0	295	305	-	@단선녀	1000
488	하선녀	281	13	100000	810000	-44	l	0	0	295	305	-	@하선녀	1000
489	견귀	282	0	100000	810000	-44	l	0	0	295	305	-	@견귀	1000
490	견원귀	282	29	100000	810000	-44	l	0	0	295	305	-	@견원귀	1000
491	견인귀	282	11	100000	810000	-44	l	0	0	295	305	-	@견인귀	1000
492	무면귀	283	0	130000	1200000	-60	l	0	0	3515	3525	-	-	1000
493	인화늑대인간	260	0	150000	600000	-20	l	0	0	495	505	-	@인화늑대인간	1000
494	수화늑대인간	292	0	200000	750000	-20	l	0	0	1495	1505	-	@수화늑대인간	1000
495	눈괴물	117	0	60000	400000	-34	l	0	0	295	305	-	@눈괴물	1200
496	북극해골	119	0	40000	300000	-24	l	0	0	95	105	-	@북극해골	1000
497	북극곰	118	0	40000	300000	-24	l	0	0	295	305	-	@북극곰	1200
498	약한눈괴물	117	1	30000	150000	-30	l	0	0	295	305	-	@약한눈괴물	1000
499	약한북극곰	118	0	20000	120000	-20	l	0	0	295	305	-	-	1000
500	약한북극해골	119	3	30000	100000	-20	l	0	0	95	105	-	-	1000
501	녹눈괴물	117	1	30000	200000	-30	l	0	0	295	305	-	@녹눈괴물	1000
503	녹북극해골	119	1	35000	150000	-20	l	0	0	95	105	-	-	1000
504	칼찬북극해골	120	17	80000	480000	-24	l	0	0	495	505	-	@칼찬북극해골	1000
505	북극사슴	191	0	200000	550000	-44	l	0	0	1795	1805	-	-	1000
506	타락산타	192	0	40000	770000	-55	l	0	0	1995	2005	-	@타락산타	1000
507	도적산타	195	0	40000	880000	-55	l	0	0	1995	2005	-	@도적산타	1000
508	적북극사슴	191	20	200000	530000	-44	l	0	0	1795	1805	-	@적북극사슴	1000
509	황북극사슴	191	30	210000	530000	-45	l	0	0	1795	1805	-	@황북극사슴	1000
510	불꽃북극사슴	191	30	210000	490000	-45	l	0	0	1795	1805	-	@불꽃북극사슴	1000
511	녹북극사슴	191	10	210000	420000	-45	l	0	0	1795	1805	-	@녹북극사슴	1000
512	청북극사슴	191	2	210000	410000	-45	l	0	0	1795	1805	-	@청북극사슴	1000
513	남북극사슴	191	2	210000	520000	-45	l	0	0	1795	1805	-	@남북극사슴	1000
514	자북극사슴	191	5	210000	440000	-45	l	0	0	1795	1805	-	@자북극사슴	1000
515	청비	103	0	100000	600000	-44	l	0	0	3003	3305	-	@청비	600
516	적비	102	0	110000	650000	-44	l	0	0	3102	3202	-	@적비	600
517	흑비	101	0	120000	700000	-44	l	0	0	3202	3405	-	@흑비	600
518	겁살수	142	0	200000	1000000	-54	l	0	0	4004	5005	-	@겁살수	600
519	겁살파수	147	5	230000	2000000	-64	l	0	0	4995	5005	-	@겁살파수	600
520	겁살파수꾼	156	0	400000	1000000	-74	l	0	0	9995	10005	-	@겁살파수꾼	600
521	흑숫사슴	90	10	200000	200000	-30	l	0	0	16995	17005	-	-	1500
522	인묘	453	0	70000	850000	-44	l	0	0	950	1350	-	-	1000
523	녹코뿔소	124	0	10000	31000	0	l	0	0	250	300	-	-	1000
524	흑코뿔소	124	10	13000	37000	-10	l	0	0	250	300	-	-	1000
525	백코뿔소	124	11	13000	37000	-10	l	0	0	250	300	-	-	1000
526	황선코뿔소	124	13	15000	75000	-15	l	0	0	320	340	-	-	1000
527	녹선코뿔소	124	0	15000	75000	-15	l	0	0	320	350	-	-	1000
528	코뿔소제독	460	1	20000	120000	-15	l	0	0	340	350	-	-	1000
529	코뿔소대왕	461	0	40000	180000	-30	l	0	0	550	560	-	@코뿔소대왕	1000
530	중간왕악어	456	0	40000	300000	-20	l	0	0	545	555	-	@중간왕악어	1000
531	악어대왕	457	0	80000	400000	-15	l	0	0	895	905	-	@악어대왕	1000
532	살쾡이	464	0	60000	480000	-25	l	0	0	85	95	-	-	1000
533	살쾡이왕	465	0	80000	600000	-35	l	0	0	95	105	-	@살쾡이왕	1000
534	외눈황천신	468	0	52500	300000	-30	l	0	0	85	110	-	-	1000
535	불의천신	469	0	100000	800000	-44	l	0	0	1145	1155	-	@불의천신	1000
536	흡혈비후	472	0	150000	900000	-45	l	0	0	205	255	-	-	1000
537	마계천신	473	0	300000	1200000	-50	l	0	0	2395	2405	-	@마계천신	1000
538	흡혈강시	474	0	350000	550000	-44	l	0	0	1495	1505	-	@흡혈강시	1000
539	흑발강시	476	0	500000	1200000	-45	l	0	0	1995	2005	-	-	1000
540	만년원귀	477	0	1500000	2300000	-60	l	0	0	9995	10005	-	@만년원귀	1000
542	장안성고양인어	417	0	9000	70000	20	l	0	0	700	800	-	-	1000
543	장안성이쁘니인어	418	0	8000	90000	0	l	0	0	600	750	-	-	1000
544	장안성여왕인어	419	0	36000	200000	20	l	0	0	95	105	-	@장안성여왕인어	1000
545	염유장군	533	7	5000	50000	10	l	0	0	95	105	-	@염유장군	1000
546	염유왕	534	7	9000	70000	10	l	0	0	295	305	-	@염유왕	1000
547	흑마기린	518	0	9999	120000	0	l	0	0	75	85	-	@흑마기린	1000
548	기린염왕	519	0	12000	120000	0	l	0	0	75	85	-	@기린염왕	1000
549	무슈후슈'녹	523	0	5000	13000	-10	l	0	0	65	75	-	@무슈후슈'녹	1000
550	무슈후슈'갈	523	5	5000	16000	-10	l	0	0	85	95	-	@무슈후슈'갈	1000
551	무슈후슈'진녹	523	14	7500	38000	-10	l	0	0	85	95	-	@무슈후슈'진녹	1000
552	무슈후슈'진갈	523	4	7500	50000	-10	l	0	0	85	95	-	@무슈후슈'진갈	1000
553	무슈후슈'태	524	0	9000	80000	-10	l	0	0	115	125	-	@무슈후슈'태	1000
554	현왕무슈후슈	525	-20	11000	150000	0	l	0	0	115	125	-	@현왕무슈후슈	1000
555	황천리마	535	30	18500	250000	-20	l	0	0	195	205	-	-	1000
556	진황천리마	535	9	19000	270000	-20	l	0	0	295	305	-	-	1000
557	백천리마	535	11	19500	290000	-20	l	0	0	345	355	-	-	1000
558	흑천리마	535	10	20000	350000	-25	l	0	0	345	355	-	@흑천리마	1000
559	비영천리마	536	0	20000	450000	-30	l	0	0	395	405	-	@비영천리마	1000
560	진왕천리마	537	0	22000	550000	-30	l	0	0	495	505	-	@진왕천리마	1000
561	괴성'청	513	2	39000	400000	0	l	0	0	495	505	-	@괴성'청	600
562	괴성'녹	513	14	39000	470000	0	l	0	0	695	705	-	@괴성'녹	600
563	동괴성	514	0	42000	520000	-30	l	0	0	1195	1205	-	@동괴성	1500
564	괴성왕	516	0	43000	700000	-40	l	0	0	1395	1405	-	@괴성왕	1500
565	뇌신'황	520	4	39000	400000	-10	l	0	0	495	505	-	-	1500
566	뇌신'자	520	7	39000	480000	-10	l	0	0	495	505	-	@뇌신'자	600
567	뇌신'태	521	0	42000	720000	-25	l	0	0	695	705	-	@뇌신'태	600
568	뇌신왕	522	0	50000	1000000	-25	l	0	0	1295	1305	-	@뇌신왕	500
569	연청산소	526	2	5000	28000	10	l	0	0	65	75	-	@연청산소	1500
570	백산소	526	11	5000	32000	10	l	0	0	65	75	-	@백산소	1000
571	황산소	526	30	5000	37000	10	l	0	0	65	75	-	@황산소	1000
572	청산소괴	527	0	7000	41000	10	l	0	0	95	105	-	@청산소괴	1000
573	적산소괴	527	29	7000	44000	10	l	0	0	95	105	-	@적산소괴	1000
574	녹산소괴	527	0	7500	46000	10	l	0	0	95	105	-	@녹산소괴	1000
575	산소괴왕	528	0	8000	120000	-20	l	0	0	95	105	@낙뢰천	@산소괴왕	1000
576	도삭산황소	28	30	480	1500	40	l	0	0	9	19	-	@도삭산황소	1000
577	도삭산까만소	28	28	500	2000	30	l	0	0	35	45	-	-	1000
578	도삭산하얀소	28	11	600	3000	20	l	0	0	35	45	-	-	1000
579	도삭산평웅	25	5	2300	2300	30	l	0	0	15	25	-	@도삭산평웅	1000
580	도삭산진웅	25	7	2500	4500	20	l	0	0	10	20	-	-	1000
581	도삭산평호	30	5	2400	4500	0	l	0	0	15	25	-	-	1000
582	도삭산진호	30	7	2600	6000	0	l	0	0	50	60	-	-	1000
583	도삭산차력게	399	0	4700	20000	10	l	0	0	55	65	-	-	1000
584	도삭산사산게	399	2	4800	30000	0	l	0	0	60	70	-	-	1000
585	도삭산게력사	399	0	4500	15000	20	l	0	0	45	55	-	-	1000
586	도삭산이쁘니인어	418	0	8000	45000	-10	l	0	0	110	120	-	@도삭산이쁘니인어	1000
587	도삭산고양인어	417	0	7400	63000	-10	l	0	0	110	120	-	@도삭산고양인어	1000
588	도삭산대장인어	419	0	7500	90000	-35	l	0	0	115	125	-	-	1000
589	도삭산해파리장군	425	0	17000	250000	-20	l	0	0	125	135	-	-	1000
590	도삭산대발문어	405	0	20000	150000	-10	l	0	0	210	220	-	-	1000
591	도삭산장간문어	405	2	25000	250000	-15	l	0	0	340	350	-	-	1000
592	도삭산문어장군	407	0	25000	300000	-30	l	0	0	395	405	-	-	1000
593	도삭산인묘	453	0	25000	300000	-15	l	0	0	195	205	-	-	1000
594	도삭산흑코뿔소	458	10	19000	100000	-10	l	0	0	275	285	-	@도삭산흑코뿔소	1000
595	도삭산백코뿔소	458	11	20000	150000	-10	l	0	0	285	295	-	@도삭산백코뿔소	1000
596	도삭산황선코뿔소	459	13	20000	230000	-15	l	0	0	345	355	-	@도삭산황선코뿔소	1000
597	도삭산코뿔소제독	458	0	24000	320000	-20	l	0	0	315	325	-	@도삭산코뿔소제독	1000
598	도삭산살쾡이	464	0	36000	350000	-25	l	0	0	345	355	-	-	1000
599	도삭산왕악어	457	0	40000	400000	-30	l	0	0	495	505	-	-	1000
600	도삭산무슈후슈'갈	523	9	150000	240000	-30	l	0	0	1545	1555	-	-	1000
601	도삭산무슈후슈'진녹	523	14	155000	320000	-30	l	0	0	1595	1605	-	-	1000
602	도삭산무슈후슈'태	524	0	160000	450000	-30	l	0	0	1695	1705	-	-	1000
603	도삭산문비	228	0	180000	300000	-30	l	0	0	645	655	-	-	1000
604	도삭산문비도둑	228	0	190000	300000	-30	l	0	0	645	655	-	-	1000
605	도삭산왕가	242	0	200000	500000	-30	l	0	0	695	705	-	-	1000
606	도삭산청웅	251	0	150000	780000	-30	l	0	0	875	885	-	-	1000
607	도삭산태산	227	0	230000	900000	-23	l	0	0	1075	1085	-	-	1000
608	도삭산눈괴물	117	0	350000	700000	-40	l	0	0	1095	1105	-	-	1000
609	도삭산북극곰	118	0	320000	800000	-40	l	0	0	1246	1256	-	-	1000
610	도삭산북극해골	119	0	340000	1200000	-50	l	0	0	1737	1747	-	-	1000
611	도삭산칼찬해골	120	17	400000	2200000	-60	l	0	0	2536	2546	-	-	1000
612	곰	25	5	900	1000	30	l	1	0	48	52	-	@곰	1000
613	호랑이	30	5	1000	1500	30	l	0	0	48	52	-	@호랑이	1000
614	녹령	168	22	48000	400000	-13	l	0	0	610	650	-	-	1000
615	갈산신	529	4	550000	3500000	-60	l	0	0	3495	3505	-	-	850
616	백산신	529	11	750000	3500000	-60	l	0	0	4495	4505	-	@백산신	850
617	황산신	529	30	1300000	4500000	-60	l	0	0	5995	6005	-	-	850
618	적산신	529	31	1300000	5000000	-65	l	0	0	9825	9835	-	-	850
619	콩고	128	24	6750	400000	-65	l	0	0	445	445	-	@콩고	1100
//1000~1300 마비 안걸리는몬스터들
1000	복어장군	410	0	120000	700000	-50	s	0	0	3995	4005	@독구름	-	900
1001	인면벌	243	0	20000	130000	-15	s	0	0	1995	2005	-	@인면벌	800
1002	인면충	244	0	33000	150000	-15	s	0	0	2995	3005	-	@인면충	800
1003	새끼게	400	0	30000	250000	-15	s	0	0	500	800	-	-	900
1004	세발문어	406	0	33000	350000	-15	s	0	0	500	800	-	@세발문어	900
1005	쥐방울해마	421	0	70000	450000	-25	s	0	0	500	800	-	@쥐방울해마	900
1006	꼬리해마	421	2	70000	450000	-20	s	0	0	500	800	-	@꼬리해마	900
1007	해파리부하	424	0	600000	180000	-80	s	0	0	800	1200	-	-	900
1008	해파리수하	423	0	550000	170000	-80	s	0	0	900	1500	-	-	900
1009	너구리	276	0	45000	700000	-15	s	0	0	295	305	-	@너구리	900
1010	일본원숭이	269	0	50000	750000	-15	s	0	0	295	305	-	@일본원숭이	900
1011	은여우	256	0	70000	880000	-15	s	0	0	395	405	-	@은여우	900
//1012~1013 비어있음
1014	도삭산선비평민	478	0	250000	600000	-30	l	0	0	2119	2129	@혼륜수렁'개	@도삭산선비평민	800
1015	도삭산선비검객	479	0	300000	730000	-40	l	0	0	2419	2429	@뇌성빙목'개	@도삭산선비검객	800
1016	도삭산흉노전사	484	0	400000	1150000	-40	l	0	0	5009	5019	@진격참	@도삭산흉노전사	800
1017	도삭산흉노무사	483	0	400000	920000	-30	l	0	0	3009	3019	@무성운파	@도삭산흉노무사	800
1022	적류산신	530	0	2500000	20000000	-80	l	0	0	80000	95000	@염승천곤	-	750
1023	녹류산신	530	28	3000000	20000000	-80	l	0	0	95000	120000	@염승천곤	-	750
1024	청류산신	530	30	4000000	25000000	-80	l	0	0	95000	115000	@염승천곤	-	750
1025	산신대왕	531	0	80000000	30000000	-95	l	0	0	303149	303159	@흑환안	@산신대왕	600
1026	도삭산해골왕	315	0	5000000	9999999	-95	l	0	0	2423149	2423159	@해골왕공격	@도삭산해골왕	700
1027	도삭산길림장군	231	0	7500000	9999999	-88	l	0	0	623149	623159	-	@도삭산길림장군	700
1028	도삭산북천황	250	0	5000000	9999999	-88	l	0	0	1123149	1123159	@북천황공격	-	700
1029	도삭산선우	485	0	10000000	9999999	-80	l	0	0	13149	13159	@무성격파	@도삭산선우	700
1030	도삭산수룡	187	2	5000000	9999999	-88	l	0	0	123149	123159	-	@도삭산수룡	700
1031	도삭산화룡	187	4	5000000	9999999	-88	l	0	0	313149	313159	-	@도삭산화룡	700
1032	도삭산파괴왕	297	0	5000000	9999999	-95	l	0	0	123149	123159	@폭룡소환	@도삭산파괴왕	650
1033	도삭산청의태자	404	0	10000000	9999999	-80	l	0	0	101149	101159	@청룡마령참	@도삭산청의태자	500
1034	도삭산풍석	280	0	3000000	9999999	-95	l	0	0	61226	61236	@강뢰파탄	@도삭산풍석	750
1035	도삭산암흑왕	323	0	5000000	9999999	-95	l	0	0	162340	162350	@암흑왕공격	@도삭산암흑왕	700
1036	선비평민	478	0	550000	2000000	-65	l	0	0	5500	5600	@혼륜수렁	@선비평민	900
1037	선비검객	479	0	650000	2500000	-65	l	0	0	7000	7500	@뇌성빙목	@선비검객	900
1038	길림장군	231	0	5050000	5500000	-78	l	4	0	399995	400005	-	@길림장군	700
1039	중월장군	232	0	5000000	5000000	-78	l	4	0	299995	300005	-	@중월장군	700
1040	수호구미호	35	11	150000	200000	-50	l	0	0	19995	20005	@암흑투기	-	800
1041	수호불귀신	113	25	8000000	200000	-87	l	0	0	88885	90005	@암흑열광탄	-	800
1042	수호유령전사	168	11	150000	200000	-50	l	0	0	19995	20005	@암흑정령	-	800
1043	수호유령도적	168	11	150000	200000	-50	l	0	0	19995	20005	@암흑정령	-	800
1044	폭염귀	324	0	30000000	1	-95	l	0	0	199995	200005	@지옥겁화	@폭염귀	700
1045	수렴귀	325	0	30000000	1	-95	l	0	0	199995	200005	@얼음지옥	@수렴귀	700
1046	풍석	280	0	30000000	1	-95	l	0	0	199995	200005	@강뢰파탄	@풍석	700
1047	운랑	326	0	30000000	1	-95	l	0	0	199995	200005	@운랑공격	@운랑	700
1048	암흑왕	323	0	90000000	1	-75	l	0	0	499995	500005	@암흑왕공격	@암흑왕	650
1049	수룡	187	8	1000000	9999999	-90	l	0	0	59995	60005	-	@수룡	700
1050	화룡	187	4	1250000	9999999	-90	l	0	0	69995	70005	-	@화룡	700
1051	북천황	250	0	100000000	10000000	-88	l	4	0	479995	480005	@북천황공격	@북천황	700
1052	뇌랑	234	0	2500000	1500000	-45	l	4	0	39995	40005	@뇌랑공격	@뇌랑	900
1053	천오	235	0	2000000	2200000	-45	l	4	0	99995	100005	@천오공격	@천오	900
1054	마려	237	0	2000000	5000000	-78	l	4	0	149995	150005	@마려마법	@마려	900
1055	야월진랑	246	0	2000000	5500000	-88	l	4	0	349995	350005	@야월진랑공격	@야월진랑	900
1056	암령	240	0	900000	5000000	-78	l	4	0	49995	50005	-	@암령	900
1057	철거인	249	0	5000000	5000000	-78	l	4	0	249995	250005	-	@철거인	900
1058	소천대사	238	0	2000000	5500000	-78	l	4	0	59995	60005	@소천대사공격	@소천대사	900
1059	대나무	254	0	1000	100000	-5	l	3	0	5	10	-	@대나무	1000
1060	문비	228	0	73000	350000	-15	l	4	0	2995	3005	-	@문비	900
1061	박가	229	0	90000	400000	-15	l	4	0	3995	4005	-	@박가	900
1062	왕가	242	0	100000	500000	-15	l	4	0	4995	5005	-	@왕가	900
1063	백보	230	0	20000	350000	-20	l	4	0	1995	2005	-	@백보	900
1064	최가	247	0	53000	200000	-20	l	4	0	11995	12005	-	@최가	900
1065	청웅	251	0	70000	450000	-20	l	4	0	13995	14005	-	@청웅	900
1066	황웅	252	0	78000	480000	-20	l	4	0	13995	14005	-	@황웅	900
1067	귀응	226	0	130000	770000	-20	l	4	0	9995	10005	-	@귀응	900
1068	태산	227	0	180000	880000	-30	l	4	0	11995	12005	-	@태산	900
1069	독화	236	0	260000	350000	-44	l	4	0	19995	20005	-	@독화	900
1070	신몽	239	0	210000	100000	-44	l	4	0	29995	30005	@신몽공격	@신몽	900
1071	엽춘	241	0	490000	550000	-55	l	4	0	24995	25005	-	@엽춘	900
1072	조왕	245	0	490000	600000	-55	l	4	0	29995	30005	-	@조왕	900
1073	철보장	233	0	2500000	2000000	-55	l	4	0	199995	200005	-	@철보장	900
1074	북천황신수	253	0	120000000	20000000	0	l	1	0	1499995	1500005	-	-	900
1075	복순이	408	0	15000	100000	-15	l	0	0	80	100	-	@복순이	800
1076	복수리	409	0	20000	150000	-15	l	0	0	80	100	-	@복수리	800
1077	복홍	409	31	24000	200000	-15	l	0	0	80	100	-	@복홍	800
1078	게력사	399	0	25000	200000	-10	l	0	0	100	120	-	-	800
1079	사산게	399	2	31000	220000	-20	l	0	0	100	120	-	@사산게	800
1080	파산게	399	1	30000	220000	-20	l	0	0	100	120	-	@파산게	800
1081	게장군	401	0	300000	1000000	-50	l	0	0	11995	12005	@암흑진	-	800
1082	대발문어	405	0	33000	380000	-15	l	0	0	300	500	-	@대발문어	800
1083	장간문어	405	2	33000	350000	-15	l	0	0	300	500	-	@장간문어	800
1084	문어장군	407	0	35000	800000	-30	l	0	0	14995	15005	@태샅진동	-	800
1085	해마병사	420	0	100000	550000	-35	l	0	0	400	600	-	@해마병사	800
1086	해마장군	422	0	508000	2000000	-50	l	0	0	24995	25005	@수마파	-	800
1087	고양이인어	417	0	90000	600000	-40	l	4	0	600	700	-	@고양이인어	900
1088	이쁘니인어	418	0	80000	620000	-40	l	4	0	600	700	-	@이쁘니인어	900
1089	인어장군	419	0	600000	4000000	-55	l	4	0	30065	30075	@인어의포박	-	900
1090	외칼이상어	412	0	580000	1300000	-65	l	4	0	1200	1300	-	@외칼이상어	900
1091	쌍칼상어	411	0	560000	1200000	-70	l	4	0	800	900	-	@쌍칼상어	900
1092	상어장군	413	0	3000000	5000000	-80	l	4	0	47995	48005	@괴력선참	-	900
1093	해파리장군	425	0	4000000	6000000	-90	l	4	0	107995	108005	@천귀살상	-	900
1094	날수괴	444	0	3000000	5600000	-60	l	0	0	69995	60005	-	-	1500
1095	청의태자	404	0	80000000	200000000	-95	l	0	0	400000	500000	@청룡마령참	-	500
1096	범녹	131	6	400000	4000000	-65	l	0	0	13435	13455	@호굴공격1	@범녹	800
1097	범목	131	7	500000	4400000	-65	l	0	0	15445	15435	@호굴공격1	@범목	800
1098	범수	131	3	500000	4000000	-50	l	0	0	12995	13005	@호굴공격3	@범수	800
1099	범증	131	2	500000	4000000	-60	l	0	0	12995	13005	@호굴공격2	@범증	800
1100	범지	131	5	700000	4600000	-55	l	0	0	12835	12855	@호굴공격1	@범지	800
1101	범천	131	4	700000	4500000	-50	l	0	0	12995	13005	@호굴공격1	@범천	800
1102	백호왕	131	0	900000	8000000	-90	l	0	0	16995	17005	@호굴공격4	@백호왕	800
1103	적호왕	131	17	900000	9000000	-95	l	0	0	114345	114355	@호굴공격4	@적호왕	800
1104	진백호왕	131	21	60000	4500000	-95	l	0	0	239995	240005	@호굴공격4	@진백호왕	800
1105	감룡	187	3	15000000	4999999	-90	l	0	0	124345	124355	@용의분노1	@감룡	750
1106	묵룡	187	21	15000000	4999999	-90	l	0	0	124345	124355	@용의분노1	@묵룡	750
1107	흑룡	187	10	15000000	4999999	-90	l	0	0	124345	124355	@용의분노1	@흑룡	750
1108	진룡	187	15	15000000	4999999	-90	l	0	0	124345	124355	@용의분노1	@진룡	750
1109	용겸	109	4	7000000	23000000	-80	l	0	0	67995	68005	@용의분노	@용겸	800
1110	용랑	109	3	7000000	23000000	-80	l	0	0	67995	68005	@용의분노	@용랑	800
1111	용마	109	2	7000000	23000000	-80	l	0	0	67995	68005	@용의분노	@용마	800
1112	용천	109	5	7000000	23000000	-80	l	0	0	67995	68005	@용의분노	@용천	800
1113	용왕용겸	133	25	10000000	9999999	-40	l	0	0	339995	340005	@용겸의침격	@용왕용겸	700
1114	용왕용랑	133	24	10000000	9999999	-40	l	0	0	339995	340005	@용랑의침격	@용왕용랑	700
1115	용왕용마	133	22	10000000	9999999	-40	l	0	0	339995	340005	@용마의침격	@용왕용마	700
1116	용왕용천	133	23	10000000	9999999	-40	l	0	0	339995	340005	@용천의침격	@용왕용천	700
1117	거미랑	98	2	8500	60000	-10	l	0	0	35	45	-	@거미랑	1000
1118	사마귀랑	99	2	8500	95000	-10	l	0	0	65	75	-	@사마귀랑	1000
1119	백현귀랑	98	9	35000	350000	-10	l	0	0	295	305	-	@백현귀랑	1000
1120	현랑귀랑	99	5	50000	380000	-10	l	0	0	695	705	-	@현랑귀랑	1000
1121	폭염왕	594	0	20000000	30000000	-40	l	0	0	157595	157605	@진노폭염참	@폭염왕	700
1122	진여왕지주	566	0	200000	1500000	-30	l	0	0	9995	10005	-	@진여왕지주	900
1123	독사여왕	578	0	300000	5000000	-50	l	0	0	11045	11055	-	@독사여왕	900
1124	아귀	270	0	70000	880000	-15	l	0	0	395	405	-	@아귀	1000
1125	어전	268	0	70000	880000	-15	l	0	0	495	505	-	@어전	1000
1126	멧돼지	294	0	180000	1000000	-15	l	0	0	545	555	-	@멧돼지	1000
1127	코가닌자'진	289	0	2300000	15000000	-99	l	0	0	295	305	-	-	1000
1128	만월늑대인간	292	26	2200000	100000000	-40	l	0	0	1995	2005	-	-	950
1129	유성지	255	0	4500000	15000000	-99	l	0	0	25515	25525	@유성지공격	@유성지	750
1130	파괴왕	297	0	80000000	25000000	-99	l	0	0	83515	83525	@폭룡소환	@파괴왕	650
1131	파연	224	0	1300000	4650000	-80	l	0	0	4515	4525	-	@파연	900
1132	파성	224	2	1300000	5200000	-80	l	0	0	4515	4525	-	@파성	900
1133	파단	224	4	1300000	6150000	-80	l	0	0	4515	4525	-	@파단	900
1134	파염	224	18	1310000	6900000	-80	l	0	0	4515	4525	-	@파염	900
1135	월연	223	0	1340000	5550000	-80	l	0	0	4515	4525	-	@월연	900
1136	월지	223	2	1350000	6150000	-80	l	0	0	4515	4525	-	@월지	900
1137	월선	223	4	1340000	6750000	-80	l	0	0	4515	4525	-	@월선	900
1138	월정	223	16	1340000	7350000	-80	l	0	0	4515	4525	-	@월정	900
1139	노정공	299	0	1360000	14250000	-80	l	0	0	4515	4525	-	-	1000
1140	노정비	299	13	1360000	14250000	-80	l	0	0	4515	4525	-	-	1000
1141	해골왕	315	0	25000000	15000000	-99	l	0	0	33515	33525	@해골왕공격	@해골왕	700
1142	선비대장군	481	0	1000000	6000000	-65	l	4	0	15000	20000	-	@선비대장군	800
1143	흉노평민	482	0	2000000	10000000	-65	l	0	0	36995	47005	@영격참	-	750
1144	흉노전사	483	0	3000000	12000000	-65	l	0	0	51995	62005	@진격참	-	750
1145	흉노무사	484	0	3000000	17000000	-70	l	0	0	109995	110005	@무성운파	-	750
1146	선우	485	0	7000000	30000000	-90	l	0	0	1199995	1200005	@무성격파	@선우	600
1147	선중	485	2	7000000	30000000	-90	l	0	0	1199995	1200005	@무성격파	@선중	600
1148	선백	485	7	7000000	30000000	-90	l	0	0	1199995	1200005	@무성격파	@선백	600
1149	선궁	485	4	7000000	30000000	-90	l	0	0	1199995	1200005	@무성격파	@선궁	600
1150	선계	485	6	7000000	30000000	-90	l	0	0	1199995	1200005	@무성격파	@선계	600
1151	서현거미	98	10	8000	100000	-10	l	0	0	225	235	-	@서현거미	950
1152	초급유령	168	2	19000	148000	-15	l	0	0	380	420	-	@초급유령	950
1153	날쌘해골	31	17	15000	135000	-15	l	0	0	35	45	-	@날쌘해골	950
1154	쾌도해골	32	25	20000	135000	0	l	0	0	265	275	-	@쾌도해골	950
//1155~1161 비어있음
1162	반고	499	0	1500000000	9000000	-99	l	0	0	999995	1000005	@반고공격	@반고	600
1163	순제	501	0	990000000	9000000	-90	l	0	0	699995	700005	@순제공격	@순제	650
1164	요제	502	0	99000000	9000000	-90	l	0	0	699995	700005	@요제공격	@요제	650
1165	아권도사	508	0	6000000	6000000	-30	l	0	0	149995	150005	-	-	900
1166	학도사	508	0	3000000	4000000	-30	l	0	0	99995	100005	-	-	900
1167	제곡	504	0	90000000	9000000	-90	l	0	0	699995	700005	@제곡공격	@제곡	650
1168	단	505	0	6000000	6000000	-30	l	0	0	149995	150005	-	-	900
1169	암수	509	0	3000000	4000000	-30	l	0	0	99995	100005	-	-	900
1170	전욱	503	0	99000000	9000000	-90	l	0	0	699995	700005	@전욱공격	@전욱	650
1171	운도사	510	0	6000000	6000000	-30	l	0	0	149995	150005	-	-	900
1172	화운동자	512	0	3000000	4000000	-30	l	0	0	99995	100005	-	-	900
1173	소호	500	0	99000000	9000000	-90	l	0	0	699995	700005	@소호공격	@소호	650
1174	부동명왕	507	0	6000000	6000000	-30	l	0	0	149995	150005	-	-	900
1175	부동명왕수련승	507	0	3000000	4000000	-30	l	0	0	99995	100005	-	-	900
1176	선비대도독	480	0	1200000	4000000	-50	l	4	0	9500	10000	-	-	1000
1178	성문1	650	0	300000000	0	-50	l	3	0	5	10	-	-	1000
1179	성문2	651	0	300000000	0	-50	l	3	0	5	10	-	-	1000
1180	성문3	652	0	300000000	0	-50	l	3	0	5	10	-	-	1000
1181	성문4	653	0	300000000	0	-50	l	3	0	5	10	-	-	1000
1182	성문5	654	0	300000000	0	-50	l	3	0	5	10	-	-	1000
1183	성문6	655	0	300000000	0	-50	l	3	0	5	10	-	-	1000
1184	성문7	656	0	300000000	0	-50	l	3	0	5	10	-	-	1000
1185	성문8	657	0	300000000	0	-50	l	3	0	5	10	-	-	1000
1186	가짜상어장군	413	0	500000	300000	-80	l	4	0	5000	8000	-	-	1000
1155	좋은나무	677	0	20000000	5	-99	l	3	0	5	10	-	-	900
1156	표신궁주마관	290	0	70000	675000	-44	l	0	0	2515	2525	-	-	900
1157	표신궁구마관	290	0	71000	675000	-44	l	0	0	2515	2525	-	-	900
1158	표신궁바주겐	291	0	70000	750000	-44	l	0	0	545	555	-	-	900
1159	표신궁나주겐	290	18	72000	750000	-44	l	0	0	3515	3525	-	-	900
1160	표신궁헨주겐	290	0	75000	750000	-54	l	0	0	3515	3525	-	-	900
1193	표신궁욘주겐	291	19	75000	750000	-55	l	0	0	3995	4005	-	-	900
1194	표신궁하주겐	290	5	73000	750000	-44	l	0	0	3515	3525	-	-	900
1195	표신궁에주겐	291	19	75000	750000	-45	l	0	0	3995	4005	-	@표신궁에주겐	900
1196	표신궁시오	221	0	50000	540000	-60	l	4	0	1295	1305	-	-	900
1197	표신궁주오	221	28	50000	465000	-60	l	4	0	1295	1305	-	-	900
1198	표신궁맹오	225	0	52000	420000	-65	l	4	0	1295	1305	-	-	900
1199	표신궁달오	225	28	53000	465000	-62	l	4	0	1295	1305	-	-	900
1200	표신궁문위	222	0	59000	615000	-60	l	4	0	2895	2905	@문위마법	-	900
1201	표신궁문려	222	29	54000	615000	-60	l	0	0	3515	3525	-	@표신궁문려	900
1202	표신궁백발귀	284	0	45000	345000	-30	l	0	0	995	1005	-	-	900
1203	표신궁적두귀	284	8	45000	525000	-30	l	0	0	995	1005	-	-	900
1204	표신궁녹두귀	284	19	45000	405000	-30	l	0	0	995	1005	-	-	900
1205	표신궁사두귀	284	20	46000	405000	-40	l	0	0	995	1005	-	-	900
1206	표신궁청발귀	284	3	47000	555000	-50	l	0	0	995	1005	-	-	900
1207	표신궁흑발귀	284	30	48000	600000	-65	l	0	0	995	1005	-	-	900
1208	표신궁선월	272	0	2000	150000	-20	l	0	0	145	155	-	-	900
1209	표신궁기보	286	0	30000	180000	-25	l	0	0	1495	1505	-	-	900
1187	표신궁이광	273	0	32500	300000	-30	l	0	0	2295	2305	-	-	900
1188	표신궁합연	298	0	10000	525000	-20	l	0	0	2495	2505	-	@표신궁합연	900
1189	표신궁신로	260	0	20000	112500	-10	l	0	0	215	225	-	-	900
1190	표신궁마옥	261	0	25000	180000	-30	l	0	0	315	325	@나막신던지기	-	900
1191	표신궁야문	266	2	30000	300000	-30	l	0	0	315	325	-	-	900
1192	표신궁백향	295	0	48000	600000	-65	l	4	0	3515	3525	-	@표신궁백향	900
1210	동장군의망령	267	18	2000000	160000000	-71	l	0	0	23515	23525	@장군의저주	@동장군의망령	800
1211	서장군의망령	267	18	3500000	170000000	-71	l	0	0	23515	23525	@장군의저주	@서장군의망령	800
1212	남장군의망령	267	18	3000000	180000000	-72	l	0	0	23515	23525	@장군의저주	@남장군의망령	800
1213	북장군의망령	267	18	3500000	190000000	-73	l	0	0	23515	23525	@장군의저주	@북장군의망령	800
1214	중앙장군의망령	267	18	4000000	200000000	-74	l	0	0	23515	23525	@장군의저주	@중앙장군의망령	800
1215	상어장수	413	0	1000000	3000000	-50	l	4	0	27995	38005	-	@상어장수	800
1216	지네	33	0	100000	300000	-25	l	0	0	4000	4500	-	@지네	1000
1217	수로설괴주	98	18	7500000	28000000	-80	s	0	0	109000	109001	@독랑각	@수로몬스터	600
1218	수로금귀랑	98	30	7500000	28000000	-80	s	0	0	78500	78501	@거륵주독	@수로몬스터	800
1219	수로금유루	32	31	8500000	28000000	-80	s	0	0	75335	75336	@금촉	@수로몬스터	600
1220	단기녹수	674	27	15000000	40000000	-99	s	0	0	164800	164801	@녹운멸생	@수로보스	500
1221	수로유루제	32	30	8500000	28000000	-80	s	0	0	164800	164801	@비루수	@수로몬스터	600
1222	수로몽달귀신	114	4	8500000	28000000	-85	s	0	0	100000	100000	@록란조	@수로몬스터	600
1223	수로처녀귀신	111	2	9000000	30000000	-90	s	0	0	103000	103000	@옥화	@수로몬스터	600
1224	단기흑수	674	4	30000000	1000000000	-99	s	0	0	280000	280001	@흑운멸생	@수로보스	500
//1225	고래	337	0	200000000	0	-100	s	3	0	1	2	-	@고래	2000
1226	비밀백비	103	27	5000000	28000000	-70	l	0	0	63003	73305	@백비공격	@백비	700
1227	비밀황비	102	28	5500000	28500000	-70	l	0	0	63102	73202	@황비공격	@황비	700
1228	비밀흑비	101	0	5800000	28000000	-70	l	0	0	63202	73405	@흑비공격	@흑비	700
1229	비밀겁살수	142	0	6200000	28500000	-70	l	0	0	64004	75005	-	-	600
1230	비밀겁살파수	147	5	6500000	28000000	-70	l	0	0	64995	75005	-	-	600
1231	비밀겁살파수꾼	156	0	6900000	38500000	-70	l	0	0	69995	100005	-	-	600
//설원
1232	설원숭	530	14	16000000	69000000	-78	l	0	0	63515	73525	@설원숭공격	-	700
1233	설원돈	528	8	16500000	70000000	-78	l	0	0	63515	73525	@설원돈의마비	-	700
//망천후
1234	백부엉이	122	11	800000	5500000	-45	l	0	0	10000	17500	@백부엉이	-	700
1235	백까마귀	171	11	900000	6000000	-45	l	0	0	10000	17500	@백부엉이	-	700
//백두봉
1236	백두묘	462	29	18200000	85000000	-60	l	0	0	83515	93525	@백두묘공격	-	600
1237	백두뱀	34	29	18500000	87000000	-60	l	0	0	83515	93525	@백두뱀마비	-	600
1238	백두도마뱀	595	20	19800000	89000000	-60	l	0	0	93515	73525	@백두뱀마비	-	700
1239	동굴인어	527	1	7500000	18500000	-60	l	0	0	93515	73525	@백두묘공격	-	700
1240	동굴애벌레	443	0	9000000	20000000	-60	l	0	0	93515	73525	@백두뱀마비	-	700
1241	동굴달팽이	448	2	9200000	22000000	-60	l	0	0	93515	73525	@백두묘공격	-	700
1242	백호	163	0	20000000000	60000000	-99	l	0	1	1293515	1593525	@백호공격	@백호	600
1243	청룡	166	15	20000000000	60000000	-99	l	0	1	1295015	1596525	@청룡공격	@청룡	600
1244	주작	164	0	20000000000	60000000	-99	l	0	1	1293515	1593525	@주작공격	@주작	600
1245	현무	165	0	20000000000	60000000	-99	l	0	1	1293515	1599525	@현무공격	@현무	600
1246	초원전사	1	2	6500000	20500000	-78	l	0	0	399995	400005	@초원전사	-	600
1247	초원도적	1	4	6000000	20500000	-78	l	0	0	299995	300005	@초원도적	-	600
1248	초원술사	2	7	5500000	19500000	-78	l	0	0	99995	100005	@초원술사	-	600
1249	초원도사	2	31	5000000	19500000	-78	l	0	0	39999	40000	@초원도사	-	600
1255	초원진인	2	31	5000000	18500000	-78	l	0	0	39999	40000	@초원진인	-	600
//귀문혈마동
1250	혈마동전사	520	1	20500000	65000000	-85	l	0	0	249995	290005	@혈마동전사공격	@귀문부적3	600
1251	혈마동도적	520	2	20500000	65000000	-85	l	0	0	249995	290005	@혈마동도적공격	@귀문부적2	600
1252	혈마동술사	521	1	20500000	65000000	-85	l	0	0	249995	290005	@혈마동술사공격	@귀문부적	600
1253	혈마동도사	521	2	20500000	65000000	-85	l	0	0	249999	400000	@혈마동도사공격	@귀문부적	600
1254	귀문방주	506	0	400000000	250000000	-85	l	0	0	999995	1000005	@귀문방주공격	@방주	600
//흉노선비연합
1261	흉선평민	478	7	15000000	90000000	-80	l	0	0	229995	270005	@흉선평민공격	-	700
1256	흉선검객	479	3	15000000	90000000	-80	l	0	0	229995	270005	@흉선검객공격	-	700
1257	흉선무사	484	5	15000000	90000000	-80	l	0	0	229995	270005	@흉선무사공격	-	700
1258	흉선선우	485	30	15000000	90000000	-80	l	0	0	229999	270000	@흉선선우공격	-	700
1259	흉선대장군	481	32	15000000	90000000	-80	l	0	0	225000	270000	@흉선대장군공격	-	700
1260	흉선전사	483	6	15000000	90000000	-80	l	0	0	225000	270000	@흉선전사공격	-	700
//지옥사냥터
1267	전방아수라	297	21	293200000	399000000	-85	l	0	0	600000	750000	@아수라공격	@아수라투구	600
1262	아수라수하	324	2	15000000	32000000	-80	l	0	0	250000	310000	@아수라수하	@아수라보석	600
1263	아수라검수하	32	25	15900000	32000000	-80	l	0	0	250000	360000	@아수라검수하	@아수라보석	600
1264	아수라수하도	48	21	15900000	32000000	-80	l	0	0	250000	375000	@아수라수하도	@아수라보석	600
1265	아수라수하개	158	31	15000000	32000000	-80	l	0	0	250000	300000	@아수라수하개	@아수라보석	600
1266	후방아수라	297	21	83200000	281000000	-90	l	0	0	250000	315000	-	-	600
//메마른섬
1270	섬전갈	257	0	6500000	39500000	-78	l	0	0	399995	400005	@섬전갈공격	-	600
1271	섬독충	184	30	6000000	39500000	-78	l	0	0	299995	300005	@섬전갈공격	-	600
1272	섬원주민	270	29	7500000	39500000	-78	l	0	0	399950	400005	@섬원주민공격	-	600
1273	섬멧돼지	294	31	8000000	39500000	-78	l	0	0	399990	400000	@섬멧돼지공격	-	600
1274	섬여우	293	30	7000000	21500000	-78	l	0	0	399990	400000	@섬여우공격	-	600
//지하감옥
1275	흉악범	151	31	35000000	70000000	-72	l	0	0	489995	570005	@흉악범공격1	-	600
1276	흉악범2	151	31	35000000	70000000	-72	l	0	0	489995	570005	@흉악범공격2	-	600
1277	전사포로	144	31	35000000	70000000	-72	0	0	0	479995	630005	@흉악범공격3	-	600
1278	도사포로	248	0	35000000	70000000	-72	0	0	0	479995	630005	@흉악범공격4	-	600
1279	암살자포로	275	29	35000000	71000000	-77	0	0	0	479995	630005	@흉악범공격5	-	600
1280	자명랑	402	9	47000000	77000000	-95	l	0	0	679995	780005	@흉악범공격5	-	600

//영령
1282	백호영령	163	0	1000000000	60000000	-99	l	0	1	1293515	1593525	@백호영령공격	@영령사망	300
1283	청룡영령	166	15	1000000000	60000000	-99	l	0	1	1295015	1596525	@청룡영령공격	@영령사망	300
1284	주작영령	164	0	1000000000	60000000	-99	l	0	1	1293515	1593525	@주작영령공격	@영령사망	300
1285	현무영령	165	0	1000000000	60000000	-99	l	0	1	1293515	1599525	@현무영령공격	@영령사망	300
1286	악의주인	63	0	30000000000	200000000	-130	l	0	0	400000	500000	@악의주인공격	@악의주인사망	100
1287	적태자	404	2	10000000000	200000000	-130	l	0	0	400000	500000	@적태자공격	@적태자사망	200
1288	흑태자	404	32	10000000000	200000000	-130	l	0	0	400000	500000	@흑태자공격	@흑태자사망	200
1289	백태자	404	10	10000000000	200000000	-130	l	0	0	400000	500000	@백태자공격	@백태자사망	200
1290	황태자	404	29	10000000000	200000000	-130	l	0	0	400000	500000	@황태자공격	@황태자사망	200
1291	잠자는악의주인	63	0	100	600000000	-30	l	3	1	1293515	1599525	-	@악의주인소환	1000

//건룡
1281	건룡	187	9	1000000000	4999999	-99	l	0	0	1024345	1024355	@건룡공격	@건룡	600
//천명
1387	주몽	61	2	910232465	1	0	l	3	0	1	2	-	주몽_die	2000
1388	오이	64	2	999999099	1	-99	l	3	0	1	2	-	-	2000
1389	마리	65	2	999999099	1	-99	l	3	0	1	2	-	-	2000
1390	협부	66	2	999999099	1	-99	l	3	0	1	2	-	-	2000
1391	엄호수거북	574	0	99999999	1	-99	l	3	0	1	2	-	-	2000
1392	추격병	2	6	3500000	30000000	-70	l	0	0	5500	8800	@살촉1	@추격병1	1500
1393	추격병　	2	6	7000000	60000000	-70	l	0	0	5900	6500	@살촉2	@추격병2	1500
1394	추격병　　	2	6	10500000	90000000	-70	l	0	0	1200	6900	@살촉3	@추격병3	1500
//고래
1342	고래1	373	0	100000000	1	-90	l	5	0	5	10	@고래공격	@고래	1000
1343	고래2	374	0	100000000	1	-90	l	5	0	5	10	@고래공격	@고래	1000
1344	고래3	375	0	100000000	1	-90	l	5	0	5	10	@고래공격	@고래	1000
1345	고래4	376	0	100000000	1	-90	l	5	0	5	10	@고래공격	@고래	1000
1346	고래5	377	0	100000000	1	-90	l	5	0	5	10	@고래공격	@고래	1000
1347	고래6	378	0	100000000	1	-90	l	5	0	5	10	@고래공격	@고래	1000
1348	고래7	379	0	100000000	1	-90	l	5	0	5	10	@고래공격	@고래	1000
1349	고래8	380	0	100000000	1	-90	l	5	0	5	10	@고래공격	@고래	1000
1350	고래9	381	0	100000000	1	-90	l	5	0	5	10	@고래공격	@고래	1000
1351	고래10	382	0	100000000	1	-90	l	5	0	5	10	@고래공격	@고래	1000
1352	고래11	383	0	100000000	1	-90	l	5	0	5	10	@고래공격	@고래	1000
1353	고래12	384	0	100000000	1	-90	l	5	0	5	10	@고래공격	@고래	1000
1354	고래13	385	0	100000000	1	-90	l	5	0	5	10	@고래공격	@고래	1000
1355	고래14	386	0	100000000	1	-90	l	5	0	5	10	@고래공격	@고래	1000
1356	고래15	387	0	100000000	1	-90	l	5	0	5	10	@고래공격	@고래	1000
1357	고래16	388	0	100000000	1	-90	l	5	0	5	10	@고래공격	@고래	1000
1358	고래17	389	0	100000000	1	-90	l	5	0	5	10	@고래공격	@고래	1000
1359	고래18	390	0	100000000	1	-90	l	5	0	5	10	@고래공격	@고래	1000
1360	고래19	391	0	100000000	1	-90	l	5	0	5	10	@고래공격	@고래	1000
//대도둑
1361	대도둑'수	271	2	16900000	150000000	-65	l	0	1	100000	130000	@대도둑수	@대도둑의집	500
1362	대도둑'화	271	4	16900000	150000000	-65	l	0	1	100000	130000	-	-	500
1363	대도둑부두목	272	30	16900000	150000000	-65	l	0	1	100000	130000	@대도둑부두목	-	500
1364	대도둑두목	273	5	16000000	170000000	-65	l	1	1	100000	130000	@대도둑두목	-	500
//위례성
2025	위례몽달귀신	114	0	1600000	4000000	-60	l	0	0	30095	30905	-	@몽달귀신	700
2026	위례독충	115	4	1600000	4000000	-60	l	0	0	30795	30805	-	@독충	700
2027	위례빗자루귀신	112	0	1600000	4000000	-60	l	0	0	30895	30905	-	@빗자루귀신	700
2028	위례처녀귀신	111	0	1600000	4000000	-60	l	0	0	30800	31200	-	@처녀귀신	700
2029	위례달걀귀신	116	0	1600000	4000000	-60	l	0	0	34500	35000	-	@달걀귀신	700
//사냥이벤트
2067	보노보노	296	0	100000000	10000000	-45	0	3	0	1	2	-	-	750
2068	사냥암흑왕	323	0	1	1	-10	2	2	0	1	1	-	@헌트이벤트	650
2069	사냥상어장군	413	0	1	1	-10	2	2	0	1	1	-	@헌트이벤트	700
2070	사냥단기흑수	674	4	1	1	-10	2	2	0	1	1	-	@헌트이벤트	700
2071	사냥반고	499	0	1	1	-10	2	2	0	1	1	-	@헌트이벤트	700
2072	사냥해골왕	315	0	1	1	-10	2	2	0	1	1	-	@헌트이벤트	700
2073	사냥백호왕	131	17	1	1	-10	2	2	0	1	1	-	@헌트이벤트	700
2074	사냥보노보노	296	0	1	1	-10	2	2	0	1	1	-	@헌트이벤트	700
2075	사냥파괴왕	297	0	1	1	-10	2	2	0	1	1	-	@헌트이벤트	700
//팔요동굴
2076	월요인성초	581	4	7000000	2100000	20	l	0	0	6595	6605	-	@월요지석	1000
2077	화요인성초	581	5	7000000	2100000	20	l	0	0	6595	6605	-	@화요지석	1000
2078	수요인성초	581	6	7000000	2100000	20	l	0	0	6595	6605	-	@수요지석	1000
2079	목요인성초	581	21	7000000	2100000	20	l	0	0	6595	6605	-	@목요지석	1000
2080	금요인성초	581	26	7000000	2100000	20	l	0	0	6595	6605	-	@금요지석	1000
2081	토요인성초	581	7	7000000	2100000	20	l	0	0	6595	6605	-	@토요지석	1000
2082	일요인성초	581	29	7000000	2100000	20	l	0	0	6595	6605	-	@일요지석	1000
//이벤트
2083	생존연실이	15	4	80000000	200000000	-95	l	0	0	1	5	@죽어라	-	1000
//혈동
2084	혈동전사	520	28	1000000	10500000	-60	l	0	0	29500	40600	@건곤	-	900
2085	혈동도적	520	2	1000000	10300000	-60	l	0	0	29500	40600	@필살	-	900
2086	혈동술사	521	31	1000000	10500000	-60	l	0	0	29500	40600	@헬파	-	900
2087	혈동도사	521	30	1500000	10500000	-60	l	0	0	29500	40600	@저주	-	900
//
1374	잡초	338	0	10	1	1	s	3	0	1	2	-	-	1000
1375	달	394	0	100000000	1	1	s	3	0	1	2	-	-	1000
//남북
43691	남팀경비대장	41	0	50000000	1	-50	l	3	0	1	2	-	@남팀패배	1000
43698	북팀경비대장	41	0	50000000	1	-50	l	3	0	1	2	-	@북팀패배	1000

//보스대전(5678차보스몹)
3008	보스5차	160	18	1	1	-1	l	0	0	180000000	190000000	-	-	500
3009	보스6차	161	10	2	1	-1	l	0	0	180000000	192000000	-	-	350
3010	보스7차	188	31	3	1	-1	l	0	0	189000000	190000000	-	-	300
3011	보스8차	194	11	4	1	-1	l	0	0	189000000	190000000	-	-	250
3012	보스1차	674	4	30000000	1	-99	s	0	0	280000	280001	@흑운멸생이	-	500
3013	보스2차	323	0	40000000	1	-75	l	0	0	499995	500005	@암흑왕공격이	-	650
3014	보스3차	315	0	50000000	1	-75	l	0	0	499995	500005	@해골왕공격이	-	650
3015	보스4차	499	0	60000000	1	-75	l	0	0	499995	500005	@반고공격이	-	650

//지옥사냥터 2500~
2500	전방아수라	297	21	79200000	111000000	-100	l	0	0	600000	750000	-	-	600
2501	아수라수하	259	21	5000000	90000000	-85	l	0	0	350000	400000	-	-	600
2502	아수라술사	84	21	5200000	90000000	-85	l	0	0	350000	400000	-	-	600
2503	아수라도사	74	21	5200000	90000000	-85	l	0	0	350000	400000	-	-	600
2504	아수라전사	286	21	5200000	90000000	-85	l	0	0	350000	400000	-	-	600
2505	후방아수라	297	21	89200000	201000000	-100	l	0	0	500000	650000	-	-	600
2506	후방좀비	592	21	6000000	93000000	-80	l	0	0	350000	400000	-	-	600
2507	후방벌레1	428	0	5200000	93000000	-80	l	0	0	350000	400000	-	-	600
2508	후방벌레2	429	0	5200000	93000000	-80	l	0	0	350000	400000	-	-	600
2509	후방벌레3	439	0	5200000	93000000	-80	l	0	0	350000	400000	-	-	600
//진원관
1423	아기원숭이	589	0	500000000	1	-100	l	2	0	1	2	-	-	2000
1424	어린원숭이	588	0	500000000	1	-100	l	2	0	1	2	-	-	2000
1425	진원관원주민	585	0	38000000	1	-90	l	0	0	650000	660000	@진원수령	@진원관드랍	500
1426	센진원관원주민	585	1	38000000	1	-90	l	0	0	650000	760000	@진원수령	@진원관드랍	500
1427	짱센진원관원주민	585	22	38000000	1	-90	l	0	0	650000	650000	@진원수령	@진원관드랍	500
1428	진원관원주병	586	0	38000000	1	-90	l	0	0	13500	15600	@뇌수원령	@진원관드랍	500
1429	센진원관원주병	586	1	38000000	1	-90	l	0	0	17500	19600	@뇌수원령	@진원관드랍	500
1430	짱센진원관원주병	586	19	38000000	1	-90	l	0	0	479995	580005	@뇌수원령	@진원관드랍	500
1431	진원관법사	584	0	37000000	1	-90	l	0	0	479995	580005	@마수원령	@진원관드랍	500
1432	진원관마영	584	1	37000000	1	-90	l	0	0	479995	580005	@진마수원령	@진원관드랍	300
1433	진원관족장	584	19	1001500000	1	-95	l	0	0	679995	780005	@진원족장	@진혼족장부활	300
1434	진원봉인석	621	4	40000000	20600000	-70	l	3	0	1	2	-	@진원석	450

//6차승급
1012	이무기	187	8	3500000000	4999999	-125	l	0	0	1724345	1924355	@이무기의분노	@이무기	700
1013	한서린이무기	187	18	4090000000	1	-125	l	4	0	2500000	3000000	@한서린이무기의분노	@한서린이무기	300
//7차승급
2100	수호백호	163	0	7000000000	60000000	-130	l	0	1	1293515	1593525	@수호백호공격	@백호소환	400
2101	수호청룡	166	15	7000000000	60000000	-130	l	0	1	1295015	1596525	@수호청룡공격	@청룡소환	400
2102	수호주작	164	0	7000000000	60000000	-130	l	0	1	1293515	1593525	@수호주작공격	@주작소환	400
2103	수호현무	165	0	7000000000	60000000	-130	l	0	1	1293515	1599525	@수호현무공격	@현무소환	400

2109	잠자는백호	163	0	100	60000000	-30	l	3	1	1293515	1593525	-	@잠백호소환	1000
2110	잠자는청룡	166	15	100	60000000	-30	l	3	1	1295015	1596525	-	@잠청룡소환	1000
2111	잠자는주작	164	0	100	60000000	-30	l	3	1	1293515	1593525	-	@잠주작소환	1000
2112	잠자는현무	165	0	100	60000000	-30	l	3	1	1293515	1599525	-	@잠현무소환	1000
2117	신의토벌단	74	0	18000	50000000	-88	l	1	0	100000	150000	-	@해골	200
2118	바위덩어리	308	0	77777777	1	-99	l	3	0	5	10	-	-	1000
2119	축구공	449	0	500000000	1	-90	l	3	0	1	2	-	-	1000
//신수환영
2113	백호환영	163	0	100000000	60000000	-99	l	0	1	1293515	1593525	@백호공격	-	600
2114	청룡환영	166	15	100000000	60000000	-99	l	0	1	1295015	1596525	@청룡공격	-	600
2115	주작환영	164	0	100000000	60000000	-99	l	0	1	1293515	1593525	@주작공격	-	600
2116	현무환영	165	0	100000000	60000000	-99	l	0	1	1293515	1599525	@현무공격	-	600

//신수영령
2510	백호영령	163	0	700000000	60000000	-99	l	0	1	1293515	1593525	@백호영령공격	@영령사망	300
2511	청룡영령	166	15	700000000	60000000	-99	l	0	1	1295015	1596525	@청룡영령공격	@영령사망	300
2512	주작영령	164	0	700000000	60000000	-99	l	0	1	1293515	1593525	@주작영령공격	@영령사망	300
2513	현무영령	165	0	700000000	60000000	-99	l	0	1	1293515	1599525	@현무영령공격	@영령사망	300
//요동성
1441	요동성성문1	650	0	39000000	0	-70	l	3	0	5	10	-	-	1000
1442	요동성성문2	651	0	39000000	0	-70	l	3	0	5	10	-	-	1000
1443	요동성성문3	652	0	39000000	0	-70	l	3	0	5	10	-	-	1000
1444	요동성성문4	653	0	39000000	0	-70	l	3	0	5	10	-	-	1000
1445	요동성성문5	654	0	39000000	0	-70	l	3	0	5	10	-	-	1000
1446	요동성성문6	655	0	39000000	0	-70	l	3	0	5	10	-	-	1000
1447	요동성성문7	656	0	39000000	0	-70	l	3	0	5	10	-	-	1000
1448	요동성성문8	657	0	39000000	0	-70	l	3	0	5	10	-	-	1000


//구양성
1436	구양성탑	622	4	15000000	20600000	-70	l	3	0	1	2	-	@구양성탑	450
1437	구양성병사	1	10	11500000	20600000	-85	l	0	0	500000	600000	@구양성병사공격	-	450
1438	구양성기마병사	231	5	17000000	28600000	-85	l	0	0	600000	700000	@구양성기마병사공격	-	450
1439	구양성병사대장	144 	2	75000000	20600000	-85	l	0	0	1000000	1500000	@구양성병사대장공격	-	400
1440	구양성투석기	620	8	20000000	22000000	-85	l	0	0	170000	180000	@구양성투석기공격	-	450

//오녀산성
//1문(~2차)
1511	대소의추격병	2	5	1000000	3500000	-45	l	0	0	1500	1700	-	@대소의추격병드랍	1100
1512	추격병대장	1	5	1000000	3500000	-45	l	0	0	2000	4000	-	@추격병대장드랍	1000
//2문(~3차)
1513	수색견	104	9	1400000	5200000	-50	l	0	0	3000	4500	@물어뜯기	@수색견드랍	900
1514	쌈닭	29	3	1500000	5500000	-50	l	0	0	8000	12000	-	@쌈닭드랍	900
1515	암흑혼령	168	14	1800000	5850000	-56	l	0	0	10000	15000	-	@암흑혼령드랍	850
//3문(~4차)
1516	다금산적	101	0	4500000	32000000	-50	l	0	0	16000	20000	@산적일격	@다금산적드랍	850
1517	다금산적왕	156	10	5000000	35000000	-60	l	0	0	21000	25000	@산적일격	@다금산적왕드랍	800
//4문(~5차)
1518	한나라병사	1	0	17500000	52259000	-65	l	0	0	26000	28000	@한나라병사	@한나라병사드랍	800
1519	한나라장수	232	0	18000000	55820000	-68	l	0	0	30000	45000	@한나라병사	@한나라장수드랍	750

//임시폐쇄
//5문(4차~5차)
1520	시간의요괴	267	27	17500000	69259000	-65	l	0	0	25000	27000	@시간왜곡	@시간의요괴드랍	700
1521	사충괴	284	2	18000000	73820000	-68	l	0	0	30000	45000	@시간왜곡	@사충괴드랍	650
//6문(높5차)
1522	말갈족병사	230	7	24500000	98000000	-85	l	0	0	70000	80000	@말갈족병사	@말갈족병사드랍	750
1523	말갈족대장	227	21	26000000	100000000	-90	l	0	0	80000	90000	@말갈족병사	@말갈족대장드랍	600
/7문(6차)
1524	암석정령	443	9	25000000	120900000	-94	l	0	0	100000	150000	@암석정령	@저팔괴드랍	700
1525	저팔괴	161	10	25300000	120200000	-95	l	0	0	150000	200000	@암석정령	@저팔괴드랍	700
//오녀산성(7문)
1534	절연괴	447	2	3500000	2850000	-85	l	0	0	68000	70000	@시간왜곡	@절연괴드랍	700
1535	암석토끼	22	11	15000000	10000000	-90	l	0	0	120000	150000	@암석정령	@암석토끼드랍	500