//상점번호	아이템번호 ...
//사람이살땐아이템DB가격
//사람이팔땐아이템DB가격의1/2
//부여성
//주모
0	8000	10000	10003	10001	8001	5016	5014	5423	5015	5623	12193	8005	8004	8003	8002	12443
1	8000	10000	10003	10001	8001	5016	5014	5423	5015	5623	12193	8005	8004	8003	8002	14063	14064	14065	14066	14067	14068	14069	14070	14071	14072	14073	14074	14075	14076	14077	14084	14085	14087	9107	9104	14001	14000	9106	14003	14004	12443
//여자의류
2	2809	2002	2006	2010	2014	2018	2022	2026	2030	2034
3	2813	2003	2007	2011	2015	2019	2023	2027	2031	2035
4	2807	2202	2206	2210	2214	2218	2222	2226	2230	2234
5	2808	2203	2207	2211	2215	2219	2223	2227	2231	2235
6	2806	2402	2406	2410	2414	2418	2422	2426	2430	2434
7	2811	2403	2407	2411	2415	2419	2423	2427	2431	2435
8	2815	2609	2610	2611	2612	2613	2614	2615	2616	2617
9	4072	4071	4070
10	2809	2002	2006	2010	2014	2018	2022	2026	2030	2034	2813	2003	2007	2011	2015	2019	2023	2027	2031	2035	2807	2202	2206	2210	2214	2218	2222	2226	2230	2234	2808	2203	2207	2211	2215	2219	2223	2227	2231	2235	2806	2402	2406	2410	2414	2418	2422	2426	2430	2434	2811	2403	2407	2411	2415	2419	2423	2427	2431	2435	2815	2609	2610	2611	2612	2613	2614	2615	2616	2617	4072	4071	4070
//남자의류
11	2805	2000	2004	2008	2012	2016	2020	2024	2028	2032
12	2812	2001	2005	2009	2013	2017	2021	2025	2029	2033
13	2802	2200	2204	2208	2212	2216	2220	2224	2228	2232
14	2804	2201	2205	2209	2213	2217	2221	2225	2229	2233
15	2803	2400	2404	2408	2412	2416	2420	2424	2428	2432
16	2810	2401	2405	2409	2413	2417	2421	2425	2429	2433
17	2814	2600	2601	2602	2603	2604	2605	2606	2607	2608
18	4069	4068	4067
19	2805	2000	2004	2008	2012	2016	2020	2024	2028	2032	2812	2001	2005	2009	2013	2017	2021	2025	2029	2033	2802	2200	2204	2208	2212	2216	2220	2224	2228	2232	2804	2201	2205	2209	2213	2217	2221	2225	2229	2233	2803	2400	2404	2408	2412	2416	2420	2424	2428	2432	2810	2401	2405	2409	2413	2417	2421	2425	2429	2433	2814	2600	2601	2602	2603	2604	2605	2606	2607	2608	4069	4068	4067
//푸줏간
20	9001	9006	9005	9003	9004	9007	9027	9008	9016	9010	9017	9018	9019	9009	9011	9012	9015	9013	9020
21	9001	9006	9005	9003	9004	9007	9024	9027	9008	9016	9010	9017	9018	9019	9009	9011	9012	9015	9013	9020	9025	9026	9027	14063	14064	14065	14066	14067	14068	14069	14070	14071	14072	14073	14074	14075	14076	14077	14084	14085	14087	14003	14004
//대장간
22	1	2	4	5	6	3513	7	12231	5823	5424	5224	5624	12070	3	14194
23	1	2	4	5	6	3513	7	12231	8	9	10	11	5823	5424	5224	5624	1403	1203	1003	1604	12070
//도삭산엔피씨
24	8000	10006	10001	8001	5016	5014	5423	5015	5623	12193	8005	8004	8003	8002	10004	10003	12443
25	8000	10006	10001	8001	5016	5014	5423	5015	5623	12193	8005	8004	8003	8002	10004	10003	12443
26	8000	10007	10001	8001	5016	5014	5423	5015	5623	12193	8005	8004	8003	8002	10004	10003	12443
27	8000	10007	10001	8001	5016	5014	5423	5015	5623	12193	8005	8004	8003	8002	10004	10003	12443
28	8000	10008	10001	8001	5016	5014	5423	5015	5623	12193	8005	8004	8003	8002	10004	10003	12443
29	8000	10008	10001	8001	5016	5014	5423	5015	5623	12193	8005	8004	8003	8002	10004	10003	12443
30	8000	10009	10001	8001	5016	5014	5423	5015	5623	12193	8005	8004	8003	8002	10004	10003	12443
31	8000	10009	10001	8001	5016	5014	5423	5015	5623	12193	8005	8004	8003	8002	10004	10003	12443
32	8000	10010	10001	8001	5016	5014	5423	5015	5623	12193	8005	8004	8003	8002	10004	10003	12443
33	8000	10010	10001	8001	5016	5014	5423	5015	5623	12193	8005	8004	8003	8002	10004	10003	12443
34	8000	10011	10001	8001	5016	5014	5423	5015	5623	12193	8005	8004	8003	8002	10004	10003	12443
35	8000	10011	10001	8001	5016	5014	5423	5015	5623	12193	8005	8004	8003	8002	10004	10003	12443
36	8000	10012	10001	8001	5016	5014	5423	5015	5623	12193	8005	8004	8003	8002	10004	10003	12443
37	8000	10012	10001	8001	5016	5014	5423	5015	5623	12193	8005	8004	8003	8002	10004	10003	12443
38	8000	10013	10001	8001	5016	5014	5423	5015	5623	12193	8005	8004	8003	8002	10004	10003	12443
39	8000	10013	10001	8001	5016	5014	5423	5015	5623	12193	8005	8004	8003	8002	10004	10003	12443
40	8000	10014	10001	8001	5016	5014	5423	5015	5623	12193	8005	8004	8003	8002	10004	10003	12443
41	8000	10014	10001	8001	5016	5014	5423	5015	5623	12193	8005	8004	8003	8002	10004	10003	12443
//북방상점
42	2037	2036	1000
43	2037	2036	1000
44	2237	2236	1201
45	2237	2236	1201
46	2436	2437	1400
47	2436	2437	1400
48	2618	2619	1601
49	2618	2619	1601
//환상의섬(대장간)
50	57	58	1019	1218	1422	1624	3506	3505	3503
51	57	58	1019	1218	1422	1624	3506	3505	3503
//환상의섬(포목)
52	3018	3019	2046	2047	2246	2247	2446	2447	2622	2623
53	3018	3019	2046	2047	2246	2247	2446	2447	2622	2623
//환상의섬(잡화)
54	14016	5060	5059	7001	5226	5426	5626	5825
55	14016	5060	5059	7001	5226	5426	5626	5825	14137
//망치상인 (일본대장장이)
56	1	2	4	5	6
57	1	2	4	5	6
//일본포목상
58	2913	2914
59	2913	2914
//고균도푸줏간
60	9064	9065	9066
61	9064	9065	9066	14137	14160
//국내성
62	8000	10000	10004	10001	8001	5016	5014	5423	5015	5623	12193	8005	8004	8003	8002	12443
63	8000	10000	10001	10004	8001	5016	5014	5423	5015	5623	12193	8005	8004	8003	8002	14063	14064	14065	14066	14067	14068	14069	14070	14071	14072	14073	14074	14075	14076	14077	14084	14085	14087	9107	9104	14001	14000	9106	14003	14004	12443
//비단
64	12102
65	12102
//부여타성주모
0	8000	10000	10003	10001	8001	5016	5014	5423	5015	5623	12193	8005	8004	8003	8002	12443
1	8000	10000	10003	10001	8001	5016	5014	5423	5015	5623	12193	8005	8004	8003	8002	14063	14064	14065	14066	14067	14068	14069	14070	14071	14072	14073	14074	14075	14076	14077	14084	14085	14087	9107	9104	14001	14000	9106	14003	14004	12443
//대방갑옷
68	3009	3014
69	3009	3014
//낙양갑옷
70	3010	3011	3012
71	3010	3011	3012
//현도갑옷
72	3013	3007	3006
73	3013	3007	3006
//장안갑옷
74	3008	3015
75	3008	3015
//상해갑옷
76	2042	2043	2242	2243	2442	2443	2628	2629	3016	3017
77	7007	7006	7010	7009	7012	7011	7020	7019	7025	7022
78	4057	4058	2042	2043	2242	2243	2442	2443	2628	2629	3016	3017	7007	7006	7010	7009	7012	7011	7020	7019	7025	7022
//강서,광동,복건갑옷
79	2042	2043	2242	2243	2442	2443	2628	2629	3016	3017	4057	4058
80	2042	2043	2242	2243	2442	2443	2628	2629	3016	3017	4057	4058
//중국주모
81	8000	10000	10002	10001	8001	5016	5014	5423	5015	5623	12193	8005	8004	8003	8002	12443
82	8000	10000	10002	10001	8001	5016	5014	5423	5015	5623	12193	8005	8004	8003	8002	12443
//신부여주모
83	8000	10000	10018	10001	8001	5016	5014	5423	5015	5623	12193	8005	8004	8003	8002	12443
84	8000	10000	10018	10001	8001	5016	5014	5423	5015	5623	12193	8005	8004	8003	8002	12443
//부여-고균도매표상
85	12217
86	12217
//국내-고균도매표상
87	12216
88	12216
//흉노상점
89	2040	2041
90	2040	2041
91	2240	2241
92	2240	2241
93	2440	2441
94	2440	2441
95	2626	2627
96	2626	2627
//백이의상점
97	9030	9031	9032	9033	9034	9035	9036	9037	12211	12213
98	9030	9031	9032	9033	9034	9035	9036	9037	8	12211	12212	12213	12214	12215
//백삼의상점
99	9030	9031	9032	9033	9034	9035	9036	9037	12211	12213
100	9030	9031	9032	9033	9034	9035	9036	9037	8	10	12211	12213
//미궁상점
101	14125	14126
102	14125	14126
//벽돌
103	14194
104	14194
//장안성대장간
105	1	2	4	5	6	12133
106	1	2	4	5	6	12133
//대방,현도푸줏
107	9001	9006	9005	9003	9004	9007	9027	9008	9016	9010	9017	9018	9019	9009	9011	9012	9015	9013	9020	9101
108	9001	9006	9005	9003	9004	9007	9027	9008	9016	9010	9017	9018	9019	9009	9011	9012	9015	9013	9020	9101
109	9001	9006	9005	9003	9004	9007	9027	9008	9016	9010	9017	9018	9019	9009	9011	9012	9015	9013	9020	9100
110	9001	9006	9005	9003	9004	9007	9027	9008	9016	9010	9017	9018	9019	9009	9011	9012	9015	9013	9020	9100
//혼례식도우미
111	2867	2868	2869	2870	2832	2866	10529	5012	5013
112	2867	2868	2869	2870	2832	2866	10529
//대방성주모
113	8000	10000	10001	8001	5016	5014	5423	5015	5623	12193	8005	8004	8003	8002	12443
114	8000	10000	10001	8001	5016	5014	5423	5015	5623	12193	8005	8004	8003	8002	12443
//광동성푸줏
115	9001	9006	9005	9003	9004	9007	9027	9008	9016	9010	9017	9018	9019	9009	9011	9012	9015	9013	9020	9103
116	9001	9006	9005	9003	9004	9007	9027	9008	9016	9010	9017	9018	9019	9009	9011	9012	9015	9013	9020	9103
//초보미궁지기
117	10000
118	10000	9001
//장돌뱅이
119	10000	10001	8000	8001	8004	14076	14077	14084	14085	14087	14063	14003	14004
//바둑알
120	14173
//미궁시약상 홍옥, 국광
121	14125
122	14126
//미궁카드패판매상
123	12270	12271	12272	12273	12274	12275	12276	12277	12278	12279	12280	12281	12282	12283	12284	12285	12286	12287	12288	12289	12290	12291	12292	12293	12294	12295	12296	12297	12298	12299	12300	12301	12302	12303	12304	12305	12306	12307	12308	12309	12310	12311	12312	12313	12314	12315	12316	12317	12318	12319	12320	12321	12322	12323
//미궁화투패판매상
124	12324	12325	12326	12327	12328	12329	12330	12331	12332	12333	12334	12335	12336	12337	12338	12339	12340	12341	12342	12343	12344	12345	12346	12347	12348	12349	12350	12351	12352	12353	12354	12355	12356	12357	12358	12359	12360	12361	12362	12363	12364	12365	12366	12367	12368	12369	12370	12371	12372	12373
//문파성선생
125	10532	10000	8004	8005
//교환원 교환권
126	12375	12376	12377	12378	12379	12380	12381	12382	12383	12384	12385	12386	12387	12388	12389	12390	12391	12392	12393	12394	12395	12396	12397	12398
127	12375	12376	12377	12378	12379	12380	12381	12382	12383	12384	12385	12386	12387	12388	12389	12390	12391	12392	12393	12394	12395	12396	12397	12398
//도삭산1000층갑옷상과포목상
128	7016
129	7017	7030
//대방성주모
130	8000	10000	10001	8001	5016	5014	5423	5015	5623	12193	8005	8004	8003	8002	12443
131	8000	10000	10001	8001	5016	5014	5423	5015	5623	12193	8005	8004	8003	8002	12443
//환상의섬(갑옷)
132	4048	5825	5626	5426	5226
133	4048	5825	5626	5426	5226
//도삭산200층갑옷상 ( 해독의귀걸이 )
134	7014
//신국내주모
135	8000	10000	10030	10001	8001	5016	5014	5423	5015	5623	12193	8005	8004	8003	8002	12443
136	8000	10000	10030	10001	8001	5016	5014	5423	5015	5623	12193	8005	8004	8003	8002	12443
//백두촌주모
137	8000	10047	10030	10001	8001	5016	5014	5423	5015	5623	12193	8005	8004	8003	8002	12443
//백두촌대장장이
138	55	56	1027	1226	1426	1628
//백두촌포목점
139	2924	2925	4083
//백두촌잡화점
140	5230	5430	5630	5830	4088
//백두촌푸주한 사기 팔기
141	9061	9063
142	9061	9063	9121	9062	14263	14265
//기원(흑돌,백돌)
143	14225	14173
//식목일 상점
144	75	12478	12479	12480	10000	10049