//월드맵번호	epf이름	지점개수
//지점번호	그룹	지점이름	지점X	지점Y	이동맵번호	이동X	이동Y
//wm, wm2, wm3, wm4 까지 // 쓰면팅기는것 = wm0, wm2, wm5 ~ wm 15, wm16, wm20
===================================
 부여성진입로
-----------------------------------
1	wm	24
0	0	부여성	705	210	20	7	1
1	0	국내성	679	293	21	7	1
2	0	산적굴	789	343	622	11	2
3	0	12지신의유적	497	128	632	29	1
4	0	???	678	105	621	11	20
5	0	극지방	824	56	2951	5	28
6	1	선비족	447	197	674	6	28
7	2	대방성	493	392	673	75	1
8	2	만리장성	408	320	856	98	9
9	6	흉노족	27	388	1489	38	8
10	5	장안성	99	562	862	116	1
11	4	현도성	207	233	861	74	1
12	3	낙양성	294	514	860	109	1
13	3	만리장성	349	320	856	13	27
14	4	만리장성	275	345	857	9	1
15	5	만리장성	127	456	858	15	48
16	6	만리장성	53	490	859	1	14
17	7	남양	145	750	952	3	15
18	7	남경	358	664	962	3	15
19	7	상해	609	663	968	3	31
20	8	강서성	390	880	926	75	3
21	8	광동성	550	1030	927	96	5
22	9	도삭산	90	1092	976	58	36
23	9	복건성	291	1030	14500	74	3

===================================
 환상의섬
-----------------------------------
2	wm2	7
0	0	선착장	89	213	1611	15	28
1	0	고균도	112	370	1596	5	113
2	1	난파선	332	625	1686	21	23
3	1	가릉도	459	619	1648	29	145
4	2	폭염도	530	124	1698	171	69
5	2	가릉도	563	540	1648	91	97
6	3	???	60	620	14	75	135

===================================
 국내성타성
-----------------------------------
3	wm3	11
0	0	국내성	554	69	22	188	3
1	0	평양성	448	116	3178	182	3
2	0	졸본성	472	203	3176	188	3
3	0	숙군성	429	273	3174	200	3
4	0	선양성	498	388	3173	109	3
5	0	집안성	369	421	3177	109	3
6	0	산해관	233	411	3172	109	3
7	0	신성	167	340	3170	109	3
8	0	용성	254	160	3175	109	3
9	0	후연성	169	97	3179	109	3
10	0	개주	56	167	3171	109	3

===================================
 부여성타성
-----------------------------------
4	wm4	11
0	0	범안성	213	409	3207	73	6
1	0	관령성	107	368	3206	73	3
2	0	어양성	111	252	3205	73	3
3	0	상곡성	177	98	3204	73	3
4	0	천안궁성	280	138	3203	73	3
5	0	만번한성	299	272	3202	73	3
6	0	읍루성	390	342	3201	73	3
7	0	장훈성	455	192	3200	107	3
8	0	송원성	514	135	3199	124	3
9	0	동부여성	566	248	2263	117	3
10	0	부여성	560	387	14	114	3